5 100 12 0
7.46 1;15.16 5;7.09 4;14.95 1;24.65 2;
1 1 7 3 13.0 4.301823970606501 2 1 5 4 3 
2 11 1 3 13.0 2.634909436708513 2 5 1 3 4 
3 10 3 1 13.0 0.33981565523437784 2 3 5 4 1 
4 1 3 1 13.0 1.7513965205773174 3 5 4 1 2 
5 9 3 4 13.0 2.015008018528653 1 4 2 5 3 
6 9 11 5 13.0 0.29014922653385344 4 3 2 5 1 
7 8 1 4 13.0 1.593806589855884 1 2 4 5 3 
8 8 7 1 13.0 2.247457554296828 5 4 1 2 3 
9 10 6 3 13.0 0.041269208935660884 1 5 3 4 2 
10 11 6 2 13.0 1.8766011919151682 4 1 2 5 3 
11 1 11 2 13.0 3.113045628790654 5 3 1 4 2 
12 12 11 5 13.0 4.009751665704481 3 5 2 4 1 
13 12 7 1 13.0 4.45539239101369 5 4 3 2 1 
14 7 1 5 13.0 3.622941069721297 1 2 4 5 3 
15 12 1 5 13.0 1.8453014122653344 2 1 5 3 4 
16 6 10 2 13.0 2.5256265332474555 5 3 2 4 1 
17 11 12 3 13.0 3.872094605113374 1 5 2 3 4 
18 6 5 1 13.0 3.480112968699647 5 2 1 4 3 
19 3 4 3 13.0 0.965135527910983 4 5 2 3 1 
20 1 9 4 13.0 2.4495325223948616 4 1 2 5 3 
21 7 11 3 13.0 2.925832659377663 4 2 1 5 3 
22 11 4 3 13.0 4.6791619218260525 4 2 3 5 1 
23 12 4 5 13.0 3.035919670092509 3 5 1 4 2 
24 4 3 3 13.0 1.9286683865178782 5 2 4 3 1 
25 6 12 2 13.0 4.202375106289118 5 4 1 2 3 
26 1 4 5 13.0 0.16688752900503645 1 3 2 4 5 
27 8 12 5 13.0 1.1799538524683084 4 2 1 3 5 
28 8 1 1 13.0 0.36455203895292276 4 1 3 5 2 
29 11 5 2 13.0 1.122013278482668 4 2 5 3 1 
30 12 11 2 13.0 0.8436289454773194 2 5 1 4 3 
31 5 3 5 13.0 0.9265714953293036 4 3 5 1 2 
32 2 8 4 13.0 4.116578751405983 4 5 1 3 2 
33 9 5 1 13.0 4.182032937456047 3 1 5 2 4 
34 11 8 4 13.0 4.398377920515641 2 4 1 5 3 
35 9 2 3 13.0 0.14478448101847952 1 2 5 3 4 
36 6 7 4 13.0 0.41527104932265524 3 2 1 5 4 
37 7 6 3 13.0 1.6061656783233107 4 5 3 1 2 
38 11 1 4 13.0 2.150258683921142 2 1 3 5 4 
39 10 4 1 13.0 4.797075575881527 5 3 4 1 2 
40 12 3 1 13.0 4.902697037053611 2 5 3 1 4 
41 10 5 2 13.0 4.252521471487654 2 4 5 3 1 
42 4 3 5 13.0 0.9849554051305348 2 3 1 5 4 
43 2 3 1 13.0 3.6188360363526235 1 5 3 4 2 
44 5 12 2 13.0 2.049795280331864 3 5 2 1 4 
45 8 3 4 13.0 2.245093769693181 4 2 5 3 1 
46 11 3 1 13.0 2.560423698456975 5 2 4 3 1 
47 5 3 3 13.0 1.1160968282406731 5 4 2 1 3 
48 11 12 2 13.0 1.0421603209550645 5 4 1 2 3 
49 10 3 2 13.0 1.5574621447408676 2 5 1 3 4 
50 11 4 3 13.0 1.8755543320702102 5 1 4 2 3 
51 4 7 1 13.0 2.8061782688505854 5 1 3 2 4 
52 7 10 5 13.0 3.945023280647864 2 5 1 4 3 
53 6 9 4 13.0 1.5840119587558266 2 1 5 4 3 
54 2 10 5 13.0 2.5021290198637063 4 2 1 5 3 
55 5 11 2 13.0 1.8955647019552009 5 4 3 2 1 
56 10 7 3 13.0 1.8308794124321026 1 5 3 4 2 
57 2 9 1 13.0 4.02714686483365 1 3 4 5 2 
58 3 4 4 13.0 3.977040589660568 5 2 1 3 4 
59 5 10 3 13.0 0.294524212179722 2 4 1 3 5 
60 11 1 1 13.0 1.5377214482525887 3 2 4 5 1 
61 12 10 4 13.0 0.6749594432517542 4 5 3 1 2 
62 11 10 2 13.0 0.37966437083203575 2 1 5 3 4 
63 10 7 2 13.0 1.258794634010452 4 1 5 3 2 
64 10 4 5 13.0 0.8843401546599228 4 3 2 1 5 
65 12 4 3 13.0 4.855608573588111 2 5 1 3 4 
66 1 6 5 13.0 4.161242799911465 4 3 1 2 5 
67 8 4 1 13.0 0.5036941025203223 4 3 2 1 5 
68 2 6 5 13.0 1.3167759979319604 3 1 4 2 5 
69 3 5 3 13.0 0.01847576166346232 3 5 2 1 4 
70 5 8 1 13.0 2.8001941369429155 5 2 3 4 1 
71 1 4 4 13.0 0.9763970778020853 5 3 4 1 2 
72 12 3 4 13.0 2.5955924103300028 1 4 2 3 5 
73 10 4 2 13.0 1.9808250854002007 3 1 4 2 5 
74 8 2 5 13.0 3.3749809697794704 5 1 3 2 4 
75 10 7 4 13.0 0.13762296129850804 1 4 3 5 2 
76 6 3 1 13.0 4.5205301587168725 5 1 3 2 4 
77 1 12 4 13.0 3.675639077358201 2 3 5 4 1 
78 2 5 2 13.0 1.4784962388778737 5 3 4 2 1 
79 10 11 1 13.0 3.5124803347968125 5 1 3 2 4 
80 1 10 3 13.0 0.5615678181649325 4 2 5 3 1 
81 3 11 1 13.0 4.119170999956252 1 4 3 5 2 
82 3 1 4 13.0 0.7386194282964403 2 1 4 5 3 
83 6 3 1 13.0 2.124184011874295 4 1 3 2 5 
84 3 10 1 13.0 4.78791041120745 5 3 4 1 2 
85 4 3 2 13.0 4.4659357623698 4 2 1 5 3 
86 4 6 4 13.0 1.1783055210909454 4 3 2 5 1 
87 2 9 1 13.0 1.289788398945761 2 3 4 5 1 
88 10 2 4 13.0 2.498095037885209 1 4 3 5 2 
89 8 12 3 13.0 1.009838311281202 3 5 2 4 1 
90 5 4 3 13.0 0.46522702248344094 3 5 1 2 4 
91 7 10 2 13.0 2.8025113684742258 3 4 5 2 1 
92 2 10 5 13.0 3.522080365777059 1 2 4 3 5 
93 6 8 2 13.0 3.121644559648731 5 1 2 4 3 
94 7 1 3 13.0 0.37616879317963314 3 1 4 5 2 
95 9 12 4 13.0 2.712908489730669 4 5 2 1 3 
96 12 10 1 13.0 2.304929964090397 2 5 3 4 1 
97 3 1 1 13.0 4.472734237821956 4 5 3 2 1 
98 9 1 4 13.0 3.4456309011690966 1 4 5 3 2 
99 3 6 2 13.0 0.5579600341295676 2 4 3 5 1 
100 5 10 1 13.0 0.8987481845556256 2 3 5 4 1 
120
120
120
120
120
120
120
120
120
120
120
120
0 100 0 0 0 0 0 0 0 0 0 0 
100 0 0 0 100 100 0 0 0 0 0 100 
0 0 0 0 0 100 0 0 100 0 0 0 
0 0 0 0 0 0 100 0 0 100 100 0 
0 100 0 0 0 0 100 100 0 0 0 0 
0 100 100 0 0 0 100 0 0 0 0 0 
0 0 0 100 100 100 0 0 0 0 0 0 
0 0 0 0 100 0 0 0 0 100 0 0 
0 0 100 0 0 0 0 0 0 0 0 100 
0 0 0 100 0 0 0 100 0 0 100 0 
0 0 0 100 0 0 0 0 0 100 0 0 
0 100 0 0 0 0 0 0 100 0 0 0 
