5 100 15 0
9.29 5;5.28 3;17.73 2;1.49 2;19.84 4;
1 8 9 1 13.0 4.002866101121529 1 4 5 2 3 
2 14 8 5 13.0 3.6712818403756358 5 2 1 4 3 
3 2 15 4 13.0 2.984664830916194 2 5 1 4 3 
4 3 1 5 13.0 4.799842145450101 5 3 2 1 4 
5 6 15 1 13.0 3.5793238888135366 2 4 3 1 5 
6 6 5 5 13.0 3.9714814387347044 3 5 2 1 4 
7 6 14 3 13.0 2.193156817965943 4 3 2 1 5 
8 5 3 3 13.0 2.5055453589448966 1 4 3 2 5 
9 15 3 5 13.0 1.6325059809948794 2 3 1 4 5 
10 1 14 3 13.0 3.5081317816492827 2 1 5 3 4 
11 11 13 3 13.0 2.4825419106831443 1 2 4 5 3 
12 15 1 5 13.0 1.1146201110914755 3 2 1 4 5 
13 9 3 4 13.0 3.641741848647179 3 1 4 5 2 
14 12 14 3 13.0 4.432743159589641 4 3 2 5 1 
15 9 7 2 13.0 2.9402936725191955 1 2 4 3 5 
16 11 7 1 13.0 3.2650673772490486 2 3 4 1 5 
17 9 13 5 13.0 2.606919285550657 1 2 5 3 4 
18 4 13 5 13.0 0.868743116358589 4 1 5 2 3 
19 10 14 5 13.0 1.3047501844446203 4 3 1 5 2 
20 15 9 4 13.0 0.991056480848625 4 1 5 3 2 
21 2 9 1 13.0 3.6062316242345807 4 1 5 2 3 
22 11 6 2 13.0 0.9424639343424024 5 1 4 3 2 
23 9 13 5 13.0 0.8534381601249758 2 1 5 3 4 
24 5 4 5 13.0 1.9852590704873578 4 3 2 1 5 
25 12 15 3 13.0 2.509196576091866 3 1 2 5 4 
26 5 7 5 13.0 3.0369940048762585 4 3 2 5 1 
27 12 4 1 13.0 3.455121963441571 1 4 5 2 3 
28 6 9 5 13.0 3.87770858764582 1 5 4 2 3 
29 5 4 1 13.0 3.775279693285865 2 3 1 4 5 
30 12 3 1 13.0 2.4821227030494546 3 1 2 4 5 
31 15 14 3 13.0 2.524789953680624 1 5 2 3 4 
32 12 1 2 13.0 3.753968019690919 1 2 4 5 3 
33 8 14 3 13.0 2.9961471434989444 3 2 5 1 4 
34 8 1 5 13.0 1.4139831555573519 2 5 4 3 1 
35 1 13 3 13.0 2.7188716032773055 3 1 4 2 5 
36 4 3 5 13.0 2.519359675089186 1 5 2 4 3 
37 15 2 1 13.0 1.7491141504814933 4 2 5 3 1 
38 13 14 1 13.0 4.887150807715107 2 5 1 4 3 
39 11 10 4 13.0 2.9513460119399957 1 2 4 3 5 
40 11 10 4 13.0 2.654122735144513 5 1 4 2 3 
41 5 14 5 13.0 0.5661208897007192 5 3 2 1 4 
42 1 12 2 13.0 3.0004676269047343 1 5 3 4 2 
43 4 1 4 13.0 1.8565812550135723 3 1 4 5 2 
44 4 12 4 13.0 0.5517958668318729 4 1 2 3 5 
45 1 10 4 13.0 1.1389560237913254 3 1 2 4 5 
46 1 12 2 13.0 2.5145781960571845 2 1 4 5 3 
47 7 6 4 13.0 0.9139396160910335 5 1 3 2 4 
48 8 7 3 13.0 2.5060766665156176 4 1 5 3 2 
49 12 6 2 13.0 0.1604973622177741 3 2 1 5 4 
50 8 13 5 13.0 2.1578920475504844 5 3 2 1 4 
51 9 15 4 13.0 3.098235062778775 2 3 4 5 1 
52 12 13 2 13.0 3.9766691715042195 5 4 2 3 1 
53 5 7 1 13.0 1.3082588969061897 3 5 4 2 1 
54 13 6 5 13.0 0.37263350429441566 1 4 3 5 2 
55 13 15 4 13.0 3.9166003310556183 1 3 5 2 4 
56 5 12 5 13.0 3.552682526567535 3 2 5 4 1 
57 3 14 5 13.0 2.531074769297858 3 1 2 5 4 
58 6 12 1 13.0 2.2683996930708226 2 4 5 1 3 
59 7 2 4 13.0 1.1468698967149589 1 3 2 4 5 
60 8 14 4 13.0 4.6574237403703815 4 3 2 1 5 
61 2 13 3 13.0 0.8589029482220123 3 4 1 5 2 
62 8 4 5 13.0 3.393389170013492 4 2 1 3 5 
63 13 14 1 13.0 3.3020820278481744 2 4 3 5 1 
64 14 8 4 13.0 4.936224158033599 2 1 4 3 5 
65 8 13 3 13.0 0.8284457757941976 5 3 2 4 1 
66 13 4 5 13.0 4.6230234367986505 1 5 2 3 4 
67 6 11 1 13.0 4.033015339796532 2 4 1 3 5 
68 8 1 5 13.0 1.8298750503103356 4 1 5 2 3 
69 4 1 5 13.0 2.3210103136322005 4 3 2 5 1 
70 3 14 3 13.0 0.9913635899018614 3 5 4 2 1 
71 7 8 4 13.0 4.807012113845454 1 4 5 3 2 
72 6 2 4 13.0 3.204922312690272 1 2 5 4 3 
73 3 4 4 13.0 3.8972530363454583 4 1 3 5 2 
74 4 3 5 13.0 4.7781554807947835 5 1 3 2 4 
75 12 1 5 13.0 1.5764902157039584 4 5 2 3 1 
76 12 14 1 13.0 4.561017451670662 1 2 5 3 4 
77 10 6 2 13.0 1.8159592479161257 3 4 5 1 2 
78 7 15 2 13.0 0.22161520971581916 3 5 2 4 1 
79 1 10 1 13.0 3.7636740756221014 4 5 2 1 3 
80 8 11 3 13.0 3.407166726782912 1 3 2 4 5 
81 6 4 1 13.0 0.8367563097368175 1 5 2 3 4 
82 3 10 4 13.0 3.377122351558567 5 4 3 2 1 
83 9 14 4 13.0 3.5914280987496383 1 3 5 4 2 
84 11 4 4 13.0 4.221196001431572 2 1 5 3 4 
85 13 1 4 13.0 4.5324186878882085 2 3 1 5 4 
86 8 5 3 13.0 3.954463276559188 1 2 5 3 4 
87 5 10 2 13.0 4.230006115132226 3 4 1 2 5 
88 10 11 5 13.0 3.457906242153745 4 3 5 1 2 
89 6 15 1 13.0 3.6069769637356064 4 1 3 2 5 
90 6 10 5 13.0 1.014186954077595 3 5 2 4 1 
91 3 9 5 13.0 2.8268042251346066 5 1 2 3 4 
92 3 8 2 13.0 2.864459999280149 5 2 4 1 3 
93 2 10 4 13.0 3.979160482180965 5 1 2 4 3 
94 7 11 1 13.0 3.5467614254772952 4 5 3 1 2 
95 14 12 3 13.0 4.337289284000771 2 4 1 5 3 
96 2 3 1 13.0 2.800109454425454 5 1 3 4 2 
97 8 2 4 13.0 2.322159380616667 3 1 4 5 2 
98 15 5 5 13.0 2.7793342764555344 4 2 1 3 5 
99 7 14 3 13.0 4.89944076781217 1 4 5 3 2 
100 11 2 2 13.0 4.121795464301639 1 2 5 3 4 
110
110
110
110
110
110
110
110
110
110
110
110
110
110
110
0 0 0 0 0 80 80 80 0 0 0 0 0 0 0 
0 0 80 0 80 80 0 0 0 0 0 0 0 0 0 
0 80 0 0 80 0 0 80 0 0 0 0 0 0 0 
0 0 0 0 80 80 0 0 0 0 0 0 0 0 0 
0 80 80 80 0 0 0 0 0 0 0 0 0 0 0 
80 80 0 80 0 0 0 0 0 0 0 0 80 0 0 
80 0 0 0 0 0 0 0 0 80 0 0 0 80 0 
80 0 80 0 0 0 0 0 80 0 0 0 0 0 80 
0 0 0 0 0 0 0 80 0 80 0 80 0 0 80 
0 0 0 0 0 0 80 0 80 0 0 80 0 0 0 
0 0 0 0 0 0 0 0 0 0 0 0 80 80 0 
0 0 0 0 0 0 0 0 80 80 0 0 0 0 0 
0 0 0 0 0 80 0 0 0 0 80 0 0 80 0 
0 0 0 0 0 0 80 0 0 0 80 0 80 0 0 
0 0 0 0 0 0 0 80 80 0 0 0 0 0 0 
