5 100 30 0
22.66 1;10.93 3;13.25 1;17.37 5;21.15 3;
1 2 23 5 13.0 0.07427441877820185 2 1 3 4 5 
2 14 6 5 13.0 2.523820921958819 5 4 2 3 1 
3 24 15 3 13.0 4.866140582868705 3 4 1 2 5 
4 30 5 2 13.0 4.624382290791558 4 2 5 3 1 
5 5 19 3 13.0 2.7287043460194593 3 5 1 2 4 
6 6 19 1 13.0 3.0510169332296586 4 2 3 5 1 
7 22 26 4 13.0 3.541420550430896 1 4 3 2 5 
8 30 28 3 13.0 0.7191159534557917 5 4 3 2 1 
9 1 8 2 13.0 4.352541822577773 5 2 1 4 3 
10 30 27 5 13.0 3.546443371701584 1 5 2 4 3 
11 24 4 1 13.0 3.681325677192286 3 2 4 1 5 
12 10 6 1 13.0 0.43461294880168255 2 4 1 5 3 
13 5 28 1 13.0 4.622717271811623 3 2 1 5 4 
14 22 1 2 13.0 2.1283916463381503 4 1 2 3 5 
15 19 13 1 13.0 3.665086294335433 5 4 2 1 3 
16 8 23 2 13.0 1.9637205767186439 5 2 3 4 1 
17 25 1 5 13.0 3.438377562654207 2 4 1 5 3 
18 14 28 4 13.0 1.5256371957290176 2 3 5 4 1 
19 4 8 3 13.0 3.2410062701197564 3 1 5 2 4 
20 22 20 1 13.0 0.4816792999240471 3 2 1 4 5 
21 16 14 1 13.0 3.1849026854649876 4 2 3 1 5 
22 15 17 3 13.0 3.016347429815948 1 2 5 3 4 
23 19 30 5 13.0 0.06250358914077048 1 5 3 4 2 
24 4 3 1 13.0 0.45803757118995037 1 3 4 5 2 
25 25 22 1 13.0 2.095788321011707 1 5 2 4 3 
26 28 17 3 13.0 1.4402020543646599 4 3 2 5 1 
27 27 1 3 13.0 2.0298422759006476 1 5 4 2 3 
28 2 12 1 13.0 3.663532185708593 4 5 1 2 3 
29 21 27 2 13.0 4.83186797233773 1 5 2 3 4 
30 6 24 4 13.0 0.8627197132078918 5 3 4 2 1 
31 26 19 4 13.0 4.529504499765636 2 5 1 4 3 
32 20 29 2 13.0 4.5797682746336905 5 2 3 1 4 
33 26 3 1 13.0 0.7720649254174727 3 5 4 2 1 
34 6 5 3 13.0 4.692642695516499 5 4 3 1 2 
35 18 19 3 13.0 1.3785838111868882 2 5 1 4 3 
36 24 5 5 13.0 4.635322387150234 1 5 2 4 3 
37 27 15 3 13.0 0.33393606525756625 1 3 4 5 2 
38 27 12 2 13.0 0.12553494867663606 2 5 1 3 4 
39 22 3 3 13.0 2.401772341293939 1 5 3 2 4 
40 30 26 1 13.0 4.301359262465553 3 4 2 5 1 
41 2 11 3 13.0 1.4168581205219188 1 5 3 4 2 
42 26 20 3 13.0 4.9752728163098405 1 4 3 5 2 
43 17 4 4 13.0 1.2226242187264895 2 1 3 5 4 
44 27 7 5 13.0 0.24276758976878976 1 5 4 2 3 
45 22 2 1 13.0 0.817161652902072 2 5 1 4 3 
46 5 1 5 13.0 4.567130743471804 5 3 2 4 1 
47 3 24 1 13.0 1.586491088971718 3 4 2 5 1 
48 22 27 4 13.0 3.628261181192739 3 1 2 4 5 
49 1 12 1 13.0 1.779867938603323 5 2 4 1 3 
50 21 24 5 13.0 3.9589128654699546 5 3 2 4 1 
51 8 18 1 13.0 3.312982605324977 4 1 2 3 5 
52 23 25 3 13.0 2.5187720859889318 4 3 5 2 1 
53 30 10 4 13.0 4.380146514271144 5 2 1 3 4 
54 19 13 2 13.0 2.4992448015655224 3 5 4 1 2 
55 26 18 3 13.0 4.343333644914962 4 5 2 1 3 
56 21 29 3 13.0 4.872866734362917 2 3 1 5 4 
57 6 18 1 13.0 1.1733219303965274 1 2 4 5 3 
58 25 1 4 13.0 4.639347803659969 5 2 1 4 3 
59 6 1 3 13.0 2.938457446652083 5 4 3 1 2 
60 3 7 5 13.0 2.3488504366850482 5 3 2 4 1 
61 11 1 3 13.0 4.623768482013012 1 2 5 3 4 
62 15 17 4 13.0 4.340322322068159 3 5 1 4 2 
63 26 21 3 13.0 2.5576935798512066 5 4 2 1 3 
64 20 17 1 13.0 0.6623654256383471 3 4 5 2 1 
65 16 28 4 13.0 2.6571889614991404 1 3 2 5 4 
66 17 14 1 13.0 0.42690742649213964 2 1 4 5 3 
67 2 20 3 13.0 0.6982331605389519 2 1 3 4 5 
68 20 5 2 13.0 4.235846929019747 3 4 1 5 2 
69 22 24 1 13.0 2.6756530677290744 4 2 5 3 1 
70 18 30 1 13.0 0.8475781636934415 1 3 2 4 5 
71 1 21 4 13.0 0.47037000291446807 5 1 3 4 2 
72 24 28 2 13.0 1.5253333468214918 3 5 1 4 2 
73 28 8 5 13.0 0.7804173780740775 3 5 1 2 4 
74 3 30 3 13.0 2.6909672306930115 2 5 4 1 3 
75 10 12 5 13.0 2.556440034504883 3 5 2 1 4 
76 27 6 4 13.0 0.49262917309605414 1 3 5 4 2 
77 1 27 2 13.0 4.406733184775325 2 5 3 1 4 
78 5 19 5 13.0 4.712489251099857 4 5 1 3 2 
79 23 14 1 13.0 3.99066319170295 2 4 1 3 5 
80 5 30 3 13.0 3.3333162912163545 5 1 3 4 2 
81 25 13 3 13.0 2.3106791593410536 5 4 2 3 1 
82 23 28 1 13.0 3.543554557011284 1 2 4 5 3 
83 25 17 4 13.0 4.80082727639381 1 3 5 2 4 
84 3 29 4 13.0 4.243763326028343 1 3 4 2 5 
85 26 11 3 13.0 0.760724201426275 1 2 4 5 3 
86 22 25 3 13.0 4.27495067734934 4 2 5 3 1 
87 14 15 2 13.0 4.216195013638103 4 3 2 1 5 
88 1 2 1 13.0 3.381732299034028 3 5 4 2 1 
89 7 26 3 13.0 4.2204056124005405 3 4 5 1 2 
90 30 24 1 13.0 3.7926424127652303 1 2 5 4 3 
91 16 15 5 13.0 2.186914526632333 3 2 4 5 1 
92 18 14 1 13.0 1.1944139023070854 4 5 1 3 2 
93 28 5 2 13.0 1.170380287668333 5 3 1 2 4 
94 29 1 1 13.0 0.6446741690467744 1 4 5 2 3 
95 12 13 5 13.0 4.159920988178314 3 5 1 4 2 
96 25 27 1 13.0 2.1524892956355512 1 5 2 3 4 
97 26 2 5 13.0 2.2153619616027647 1 5 3 2 4 
98 3 11 1 13.0 0.5943453668905763 1 5 4 2 3 
99 18 29 1 13.0 2.0242686661655824 5 4 2 1 3 
100 24 12 4 13.0 0.6309237860481126 1 5 2 4 3 
100
100
100
100
100
100
100
100
100
100
100
100
100
100
100
100
100
100
100
100
100
100
100
100
100
100
100
100
100
100
0 100 0 100 100 100 0 0 0 0 100 0 0 0 0 0 0 0 0 0 0 0 0 0 0 0 0 0 0 0 
100 0 100 0 0 0 0 0 0 0 0 0 0 0 0 0 0 0 0 0 0 0 0 0 0 100 0 0 0 0 
0 100 0 0 0 0 0 0 0 0 0 0 0 0 0 0 0 0 0 0 0 0 0 0 0 0 0 0 0 0 
100 0 0 0 100 0 0 0 0 0 0 0 0 0 0 100 0 0 0 0 0 0 0 0 0 0 0 0 0 0 
100 0 0 100 0 0 100 100 100 0 0 100 0 0 0 0 0 0 0 0 0 0 0 100 0 0 0 0 100 0 
100 0 0 0 0 0 0 0 0 0 0 0 0 100 0 0 0 100 0 0 0 0 0 0 0 0 0 0 0 0 
0 0 0 0 100 0 0 0 0 0 0 0 0 0 0 0 0 0 0 0 0 0 0 0 100 0 0 100 0 0 
0 0 0 0 100 0 0 0 0 0 0 0 0 0 0 0 0 0 0 0 0 0 0 0 0 0 0 0 0 0 
0 0 0 0 100 0 0 0 0 100 0 0 0 0 0 0 0 0 0 0 0 0 0 0 0 0 0 0 0 0 
0 0 0 0 0 0 0 0 100 0 0 0 0 0 0 0 0 0 0 0 0 0 0 0 0 0 0 0 0 0 
100 0 0 0 0 0 0 0 0 0 0 0 100 0 100 0 0 0 0 0 0 0 0 0 0 0 0 0 0 100 
0 0 0 0 100 0 0 0 0 0 0 0 0 0 0 0 100 0 0 0 0 0 0 0 0 0 0 0 0 0 
0 0 0 0 0 0 0 0 0 0 100 0 0 0 0 0 0 0 0 0 0 0 0 0 0 0 0 0 0 0 
0 0 0 0 0 100 0 0 0 0 0 0 0 0 0 0 0 0 0 0 0 0 0 0 0 0 0 0 0 0 
0 0 0 0 0 0 0 0 0 0 100 0 0 0 0 0 0 0 100 0 100 0 100 0 0 0 0 0 0 0 
0 0 0 100 0 0 0 0 0 0 0 0 0 0 0 0 0 0 0 0 0 0 0 0 0 0 100 0 0 0 
0 0 0 0 0 0 0 0 0 0 0 100 0 0 0 0 0 0 0 0 0 100 0 0 0 0 0 0 0 0 
0 0 0 0 0 100 0 0 0 0 0 0 0 0 0 0 0 0 0 0 0 0 0 0 0 0 0 0 0 0 
0 0 0 0 0 0 0 0 0 0 0 0 0 0 100 0 0 0 0 100 0 0 0 0 0 0 0 0 0 0 
0 0 0 0 0 0 0 0 0 0 0 0 0 0 0 0 0 0 100 0 0 0 0 0 0 0 0 0 0 0 
0 0 0 0 0 0 0 0 0 0 0 0 0 0 100 0 0 0 0 0 0 0 0 0 0 0 0 0 0 0 
0 0 0 0 0 0 0 0 0 0 0 0 0 0 0 0 100 0 0 0 0 0 0 0 0 0 0 0 0 0 
0 0 0 0 0 0 0 0 0 0 0 0 0 0 100 0 0 0 0 0 0 0 0 0 0 0 0 0 0 0 
0 0 0 0 100 0 0 0 0 0 0 0 0 0 0 0 0 0 0 0 0 0 0 0 0 0 0 0 0 0 
0 0 0 0 0 0 100 0 0 0 0 0 0 0 0 0 0 0 0 0 0 0 0 0 0 0 0 0 0 0 
0 100 0 0 0 0 0 0 0 0 0 0 0 0 0 0 0 0 0 0 0 0 0 0 0 0 0 0 0 0 
0 0 0 0 0 0 0 0 0 0 0 0 0 0 0 100 0 0 0 0 0 0 0 0 0 0 0 0 0 0 
0 0 0 0 0 0 100 0 0 0 0 0 0 0 0 0 0 0 0 0 0 0 0 0 0 0 0 0 0 0 
0 0 0 0 100 0 0 0 0 0 0 0 0 0 0 0 0 0 0 0 0 0 0 0 0 0 0 0 0 0 
0 0 0 0 0 0 0 0 0 0 100 0 0 0 0 0 0 0 0 0 0 0 0 0 0 0 0 0 0 0 
