5 100 37 0
21.51 4;22.75 3;8.72 5;20.73 5;24.79 1;
1 36 33 4 13.0 1.6437147356500814 3 2 4 1 5 
2 24 35 1 13.0 3.0863146524457545 4 5 2 1 3 
3 24 31 1 13.0 1.3903774536312974 4 2 3 1 5 
4 15 18 3 13.0 2.0358857999743822 2 5 1 4 3 
5 28 7 4 13.0 4.1385050550516915 3 5 1 4 2 
6 28 15 5 13.0 3.196605035533595 4 5 2 3 1 
7 29 19 3 13.0 3.40133715453413 1 4 2 5 3 
8 27 3 1 13.0 2.775786054032233 2 1 4 5 3 
9 25 22 4 13.0 4.05425834798695 3 5 4 2 1 
10 19 24 1 13.0 2.7830927583504472 4 3 1 5 2 
11 6 10 1 13.0 0.13893538000641303 3 1 5 2 4 
12 14 8 1 13.0 2.5893077934298034 3 1 2 5 4 
13 34 18 3 13.0 1.2093753993632272 1 4 2 3 5 
14 23 29 4 13.0 3.3152611637884273 2 3 1 4 5 
15 28 33 5 13.0 4.7904856144873955 4 3 5 1 2 
16 9 37 3 13.0 0.6142038046018361 1 2 4 3 5 
17 24 13 4 13.0 4.38513649866335 1 5 2 4 3 
18 27 1 5 13.0 4.316298810931042 1 5 4 2 3 
19 4 24 3 13.0 1.8990140923201144 3 4 2 5 1 
20 22 27 2 13.0 0.8168416996254235 5 2 4 3 1 
21 22 35 4 13.0 4.213521224593145 5 2 1 4 3 
22 11 29 5 13.0 2.8708417107390427 5 4 1 2 3 
23 11 16 3 13.0 2.3447214210401315 3 2 5 1 4 
24 36 26 5 13.0 0.5273950095827407 1 5 4 3 2 
25 27 22 3 13.0 0.9977298559228315 3 4 5 1 2 
26 5 27 1 13.0 4.957605994003702 5 4 3 1 2 
27 29 27 1 13.0 4.79777680795262 5 3 4 1 2 
28 27 15 5 13.0 3.879704540499217 5 1 4 3 2 
29 23 32 4 13.0 0.5686613074997127 3 5 1 2 4 
30 7 16 5 13.0 1.854819249081134 4 5 1 2 3 
31 14 19 1 13.0 0.34022273590303853 2 5 1 3 4 
32 32 7 4 13.0 1.9811035272663402 4 3 2 1 5 
33 11 34 5 13.0 1.6589458766275023 3 1 2 5 4 
34 4 30 3 13.0 4.322202514501569 1 5 2 4 3 
35 21 29 3 13.0 2.028440391309561 1 3 4 2 5 
36 14 15 4 13.0 4.615652950868094 2 1 5 4 3 
37 31 35 4 13.0 2.1299687704599646 4 1 3 5 2 
38 14 7 5 13.0 0.8833831396234748 3 5 2 4 1 
39 26 9 4 13.0 2.476526901453215 3 2 1 5 4 
40 35 21 4 13.0 3.6326808581208407 1 5 4 2 3 
41 32 12 3 13.0 0.46216885385497064 2 4 1 3 5 
42 21 6 5 13.0 3.9967109964984955 5 4 3 2 1 
43 10 16 5 13.0 3.4992621540709337 1 2 4 3 5 
44 17 33 3 13.0 2.0863092105133365 4 1 3 5 2 
45 18 13 5 13.0 2.225782175930338 2 5 3 1 4 
46 35 23 2 13.0 0.6734496778026478 2 1 3 4 5 
47 4 8 1 13.0 1.582160020303477 5 2 3 4 1 
48 34 18 2 13.0 3.1690878941193423 5 4 2 1 3 
49 25 9 1 13.0 2.620921894489629 2 1 5 4 3 
50 26 14 5 13.0 3.9234650889818696 4 2 5 1 3 
51 3 29 4 13.0 1.9511877638552266 3 2 4 5 1 
52 22 5 1 13.0 1.8868660721992097 1 5 2 4 3 
53 19 20 2 13.0 3.1192331548101313 1 4 5 2 3 
54 13 31 2 13.0 0.22152815386903058 4 3 2 5 1 
55 19 15 3 13.0 4.5126740565792085 4 2 1 5 3 
56 23 25 5 13.0 4.097080336087261 2 4 1 5 3 
57 5 34 2 13.0 2.5018917617486407 1 3 4 2 5 
58 30 13 1 13.0 2.264821406356866 4 1 5 3 2 
59 29 36 2 13.0 0.6050732036684769 2 4 5 1 3 
60 10 32 5 13.0 1.028939976947123 1 5 2 4 3 
61 30 1 2 13.0 3.535430218474378 3 1 4 5 2 
62 37 11 2 13.0 3.637094942973916 2 5 1 3 4 
63 21 8 3 13.0 0.7050492843189482 5 2 3 1 4 
64 5 15 4 13.0 1.217973435628844 5 3 2 1 4 
65 14 10 1 13.0 1.2080021181568905 5 4 2 3 1 
66 12 9 2 13.0 0.5435067215406553 3 5 2 4 1 
67 31 30 3 13.0 0.6669383238809329 4 3 1 2 5 
68 32 19 5 13.0 2.4872065170360074 3 5 2 4 1 
69 27 31 4 13.0 4.569197918926154 1 5 4 2 3 
70 2 32 3 13.0 1.1201848087296906 4 3 1 5 2 
71 18 34 3 13.0 3.0617262851754283 2 5 3 1 4 
72 21 29 1 13.0 0.7788249897109562 5 1 3 2 4 
73 6 10 1 13.0 2.595295715121217 2 5 3 1 4 
74 30 15 5 13.0 4.898597162749808 4 3 5 1 2 
75 5 21 3 13.0 0.5137052557320859 3 4 1 5 2 
76 2 33 5 13.0 3.228803674134567 4 1 2 3 5 
77 8 14 5 13.0 0.11325760812158359 4 2 1 3 5 
78 31 12 1 13.0 4.150553398889515 2 1 4 3 5 
79 10 28 2 13.0 1.332760499193772 1 4 3 2 5 
80 18 23 3 13.0 3.0977636546769585 4 2 5 3 1 
81 8 18 2 13.0 2.6126491909736247 5 2 3 4 1 
82 36 17 5 13.0 1.0671039564884388 2 4 5 3 1 
83 25 17 5 13.0 4.548140411964777 4 5 2 1 3 
84 13 2 3 13.0 2.1829244325703105 1 4 5 3 2 
85 2 37 4 13.0 1.7511659703949296 5 4 3 1 2 
86 10 2 2 13.0 3.231593332840674 2 5 3 4 1 
87 15 3 1 13.0 3.6708372799903732 4 2 1 3 5 
88 4 33 1 13.0 1.7700324093971265 4 5 3 1 2 
89 7 13 1 13.0 0.8508085864960163 4 3 2 1 5 
90 23 29 2 13.0 4.593369946698324 4 1 5 2 3 
91 19 11 2 13.0 2.2339498643337254 5 2 3 4 1 
92 4 6 1 13.0 1.1252942552081362 5 2 1 4 3 
93 2 32 1 13.0 4.179245679168017 3 4 2 5 1 
94 20 33 4 13.0 2.6941871365388312 1 4 3 5 2 
95 35 17 1 13.0 3.0891680098754875 2 5 1 3 4 
96 29 20 5 13.0 2.268287752363318 5 4 1 2 3 
97 33 16 5 13.0 3.395196789519815 5 4 2 3 1 
98 3 2 3 13.0 1.3731721751550525 1 5 4 2 3 
99 12 30 3 13.0 2.237039110797207 1 4 3 5 2 
100 1 33 4 13.0 2.9538892176162324 3 2 1 4 5 
50
50
50
50
50
50
50
50
50
50
50
50
50
50
50
50
50
50
50
50
50
50
50
50
50
50
50
50
50
50
50
50
50
50
50
50
50
0 0 0 0 0 0 0 40 0 0 0 0 0 40 40 0 0 0 40 0 0 0 0 0 0 0 0 0 0 0 0 0 0 0 0 0 0 
0 0 0 0 0 0 0 0 0 0 0 0 0 0 0 0 0 0 0 0 0 0 0 0 0 40 0 0 0 0 40 0 0 0 0 40 0 
0 0 0 0 0 0 0 0 0 0 0 0 0 0 0 0 0 0 0 0 40 40 0 0 0 0 0 0 0 40 0 0 0 0 0 0 0 
0 0 0 0 0 0 0 0 40 0 0 0 0 0 0 0 0 0 0 0 0 0 0 0 0 0 0 0 0 0 40 0 0 0 0 40 0 
0 0 0 0 0 0 0 0 0 40 0 0 0 0 40 0 0 0 0 0 0 0 0 40 0 0 0 40 0 0 0 0 0 0 40 0 0 
0 0 0 0 0 0 0 0 0 0 0 0 0 40 0 0 0 0 40 0 0 0 0 0 0 0 0 0 0 0 0 0 0 0 0 0 0 
0 0 0 0 0 0 0 0 0 0 0 0 0 0 0 0 0 0 0 0 40 40 0 0 0 0 40 0 0 0 0 0 0 0 0 0 0 
40 0 0 0 0 0 0 0 0 0 0 40 0 0 0 0 0 0 0 0 0 0 0 0 0 0 40 0 0 0 0 0 0 0 0 0 0 
0 0 0 40 0 0 0 0 0 0 0 0 0 0 0 0 40 0 0 0 0 0 0 0 0 0 0 40 0 0 0 0 0 0 0 0 0 
0 0 0 0 40 0 0 0 0 0 0 0 0 0 0 0 0 0 0 0 0 0 0 0 40 0 0 0 0 0 0 40 0 0 0 0 0 
0 0 0 0 0 0 0 0 0 0 0 0 0 40 0 0 0 0 40 0 0 0 0 0 0 0 0 0 0 0 0 0 0 0 0 0 0 
0 0 0 0 0 0 0 40 0 0 0 0 40 0 0 0 0 0 0 0 0 0 0 0 0 0 0 0 0 0 0 0 0 0 0 0 0 
0 0 0 0 0 0 0 0 0 0 0 40 0 0 40 0 0 0 0 0 0 0 0 40 0 0 0 0 0 0 0 0 40 0 0 0 0 
40 0 0 0 0 40 0 0 0 0 40 0 0 0 0 0 0 0 0 0 0 0 0 0 0 0 0 0 0 0 0 0 0 0 0 0 0 
40 0 0 0 40 0 0 0 0 0 0 0 40 0 0 0 0 0 0 0 0 0 0 0 0 0 0 0 0 0 0 0 0 0 0 0 0 
0 0 0 0 0 0 0 0 0 0 0 0 0 0 0 0 0 0 0 0 0 0 0 0 40 0 0 0 0 0 0 40 0 0 40 0 0 
0 0 0 0 0 0 0 0 40 0 0 0 0 0 0 0 0 0 0 0 0 0 0 0 0 0 0 0 0 0 0 0 0 0 40 0 0 
0 0 0 0 0 0 0 0 0 0 0 0 0 0 0 0 0 0 40 0 40 0 0 0 0 0 0 0 0 40 0 0 0 0 0 0 0 
40 0 0 0 0 40 0 0 0 0 40 0 0 0 0 0 0 40 0 0 0 0 0 0 0 0 40 0 0 0 0 0 0 0 0 0 0 
0 0 0 0 0 0 0 0 0 0 0 0 0 0 0 0 0 0 0 0 0 40 0 0 0 0 40 0 0 0 0 0 0 0 0 0 40 
0 0 40 0 0 0 40 0 0 0 0 0 0 0 0 0 0 40 0 0 0 0 0 0 0 0 0 0 0 0 0 0 0 0 0 0 0 
0 0 40 0 0 0 40 0 0 0 0 0 0 0 0 0 0 0 0 40 0 0 0 0 0 0 0 0 40 0 0 0 0 0 0 0 0 
0 0 0 0 0 0 0 0 0 0 0 0 0 0 0 0 0 0 0 0 0 0 0 40 0 0 0 0 40 0 0 0 0 0 0 0 40 
0 0 0 0 40 0 0 0 0 0 0 0 40 0 0 0 0 0 0 0 0 0 40 0 0 0 0 0 0 0 0 0 0 40 0 0 0 
0 0 0 0 0 0 0 0 0 40 0 0 0 0 0 40 0 0 0 0 0 0 0 0 0 0 0 0 0 0 0 0 0 0 0 0 0 
0 40 0 0 0 0 0 0 0 0 0 0 0 0 0 0 0 0 0 0 0 0 0 0 0 0 0 0 40 0 0 0 0 0 0 0 0 
0 0 0 0 0 0 40 40 0 0 0 0 0 0 0 0 0 0 40 40 0 0 0 0 0 0 0 0 0 0 0 0 40 0 0 0 0 
0 0 0 0 40 0 0 0 40 0 0 0 0 0 0 0 0 0 0 0 0 0 0 0 0 0 0 0 0 0 0 0 0 40 0 0 0 
0 0 0 0 0 0 0 0 0 0 0 0 0 0 0 0 0 0 0 0 0 40 40 0 0 40 0 0 0 0 0 0 0 0 0 40 0 
0 0 40 0 0 0 0 0 0 0 0 0 0 0 0 0 0 40 0 0 0 0 0 0 0 0 0 0 0 0 0 0 0 0 0 0 0 
0 40 0 40 0 0 0 0 0 0 0 0 0 0 0 0 0 0 0 0 0 0 0 0 0 0 0 0 0 0 0 0 0 0 0 0 0 
0 0 0 0 0 0 0 0 0 40 0 0 0 0 0 40 0 0 0 0 0 0 0 0 0 0 0 0 0 0 0 0 0 0 0 0 0 
0 0 0 0 0 0 0 0 0 0 0 0 40 0 0 0 0 0 0 0 0 0 0 0 0 0 40 0 0 0 0 0 0 0 0 0 40 
0 0 0 0 0 0 0 0 0 0 0 0 0 0 0 0 0 0 0 0 0 0 0 40 0 0 0 40 0 0 0 0 0 0 0 40 0 
0 0 0 0 40 0 0 0 0 0 0 0 0 0 0 40 40 0 0 0 0 0 0 0 0 0 0 0 0 0 0 0 0 0 0 0 0 
0 40 0 40 0 0 0 0 0 0 0 0 0 0 0 0 0 0 0 0 0 0 0 0 0 0 0 0 40 0 0 0 0 40 0 0 0 
0 0 0 0 0 0 0 0 0 0 0 0 0 0 0 0 0 0 0 40 0 0 40 0 0 0 0 0 0 0 0 0 40 0 0 0 0 
