5 100 22 0
22.62 5;3.83 2;4.22 3;22.45 4;18.97 3;
1 21 15 2 13.0 0.2652024824556709 5 4 1 3 2 
2 7 19 4 13.0 2.297157147258591 1 2 4 5 3 
3 20 3 2 13.0 0.8961043717041994 3 5 1 2 4 
4 18 1 4 13.0 0.1878676691775616 4 1 5 3 2 
5 15 18 2 13.0 0.454899574356315 4 2 1 5 3 
6 20 8 4 13.0 0.04543133184802872 4 5 1 2 3 
7 11 7 4 13.0 0.5884524055824991 5 3 2 4 1 
8 6 17 5 13.0 1.868861174287923 1 5 3 4 2 
9 16 5 4 13.0 2.9393092149276896 3 4 2 1 5 
10 10 7 2 13.0 4.351560414905008 4 1 2 3 5 
11 13 19 4 13.0 4.924390912373754 4 2 5 1 3 
12 11 22 2 13.0 1.1072453493334815 5 3 4 1 2 
13 19 15 4 13.0 4.985159495757046 2 4 3 5 1 
14 10 17 3 13.0 2.0539309159969283 3 5 4 1 2 
15 6 21 1 13.0 0.5399673600367655 3 2 4 1 5 
16 16 8 1 13.0 4.351521064339378 1 4 3 5 2 
17 18 21 1 13.0 2.325511061208984 5 3 2 4 1 
18 10 7 1 13.0 0.03306551781693701 5 1 3 4 2 
19 22 3 5 13.0 3.6958135436672253 2 3 5 4 1 
20 15 20 4 13.0 3.7725226012610147 2 1 3 5 4 
21 6 3 4 13.0 0.31311329950005573 3 1 2 4 5 
22 8 16 4 13.0 2.353921332898265 4 3 2 1 5 
23 22 10 4 13.0 1.84472013274935 1 2 5 3 4 
24 14 22 1 13.0 3.1266708290747 5 3 4 2 1 
25 20 22 1 13.0 2.366509757731645 3 4 1 5 2 
26 14 8 3 13.0 3.972530915350585 2 5 1 3 4 
27 10 18 3 13.0 1.0198947456355274 2 1 4 3 5 
28 5 16 2 13.0 2.4612083325496497 1 5 3 4 2 
29 4 16 4 13.0 2.760483986253756 5 3 4 2 1 
30 14 19 2 13.0 3.407248529140412 5 2 3 1 4 
31 22 2 4 13.0 1.9452066805749157 3 5 1 2 4 
32 13 5 3 13.0 2.8579034536794397 2 3 1 4 5 
33 21 20 4 13.0 3.095927431341581 2 3 5 4 1 
34 18 1 4 13.0 2.3784588938617257 5 1 3 4 2 
35 17 8 5 13.0 4.958655167996328 4 5 2 3 1 
36 5 21 3 13.0 2.0823794884724824 4 3 5 2 1 
37 4 1 3 13.0 2.0312534387421417 5 4 2 3 1 
38 6 21 5 13.0 1.890320658451764 4 3 1 2 5 
39 15 11 2 13.0 2.31599759996935 2 3 4 1 5 
40 7 18 5 13.0 1.3239831055743645 4 5 3 1 2 
41 9 5 5 13.0 0.8248567943655438 4 2 1 5 3 
42 1 6 4 13.0 4.471233563233509 3 1 5 2 4 
43 16 2 2 13.0 4.617546850054184 2 4 1 3 5 
44 1 15 3 13.0 0.6931818925194516 1 4 2 3 5 
45 19 2 2 13.0 0.47997123734094926 1 4 5 3 2 
46 4 21 3 13.0 0.7039667306219405 3 5 1 2 4 
47 10 7 2 13.0 0.2559333417802312 3 5 1 4 2 
48 15 7 1 13.0 1.4012460986205277 2 4 5 3 1 
49 7 14 4 13.0 2.316569548190612 5 1 4 3 2 
50 7 2 3 13.0 1.945957763070243 5 4 3 1 2 
51 2 15 1 13.0 4.956047116248397 1 5 4 3 2 
52 18 10 1 13.0 1.5140067511218647 3 2 4 1 5 
53 10 18 3 13.0 1.4890260135212148 1 2 4 5 3 
54 20 10 1 13.0 3.0969678663531086 1 2 4 5 3 
55 19 12 1 13.0 0.26301581136930374 4 1 3 5 2 
56 6 3 3 13.0 4.814802095226623 5 2 1 3 4 
57 9 15 4 13.0 2.4967308951395584 3 5 2 1 4 
58 3 8 2 13.0 3.6381790447729685 2 3 1 4 5 
59 17 1 2 13.0 0.40629207540691603 3 5 1 2 4 
60 2 13 2 13.0 1.5093456447495863 4 5 3 1 2 
61 1 11 1 13.0 1.9374867153762882 4 3 5 1 2 
62 5 15 1 13.0 3.476148383641357 4 5 3 2 1 
63 16 6 2 13.0 4.592334046068971 1 3 4 5 2 
64 3 15 3 13.0 4.66194267270987 5 2 4 1 3 
65 10 4 2 13.0 3.7038874002886053 5 1 2 4 3 
66 12 11 5 13.0 1.4708718470771942 4 5 2 3 1 
67 17 2 3 13.0 3.3310784285484645 4 2 5 1 3 
68 22 12 2 13.0 4.39586849629121 3 5 2 1 4 
69 10 1 1 13.0 4.842990135503775 1 3 5 4 2 
70 14 5 2 13.0 2.989665366958256 4 2 5 3 1 
71 19 3 4 13.0 1.229044928013037 5 3 1 4 2 
72 5 17 1 13.0 4.845255137262047 4 1 3 2 5 
73 17 20 2 13.0 1.3676107745720363 1 4 5 2 3 
74 3 21 3 13.0 4.3172140919637245 2 4 5 1 3 
75 17 3 4 13.0 4.972542048786695 1 5 4 2 3 
76 8 14 4 13.0 0.8812298886814424 1 5 3 4 2 
77 4 19 1 13.0 4.916181675697508 1 3 5 4 2 
78 4 11 1 13.0 4.468519950166289 5 3 1 2 4 
79 1 2 2 13.0 1.7715081186434845 1 4 3 2 5 
80 15 6 5 13.0 0.7096484727486413 1 5 3 4 2 
81 10 11 4 13.0 1.0283566650995368 4 1 2 3 5 
82 5 8 3 13.0 1.4966299585927123 3 5 2 1 4 
83 11 21 4 13.0 2.7401465610837343 5 4 2 3 1 
84 1 2 2 13.0 1.860998402925882 4 5 3 2 1 
85 8 11 1 13.0 3.076532758372825 2 1 4 5 3 
86 14 13 1 13.0 1.6721053072427428 1 4 3 5 2 
87 10 9 3 13.0 3.6812054916597536 1 2 3 5 4 
88 17 10 5 13.0 1.7018036096300815 5 1 2 4 3 
89 4 3 1 13.0 1.2133424128844439 3 2 1 5 4 
90 9 10 4 13.0 2.546212145034638 1 5 4 2 3 
91 12 6 3 13.0 0.7969802890936228 3 4 1 2 5 
92 12 18 2 13.0 0.32561946105514883 3 2 1 4 5 
93 12 9 3 13.0 1.2612037265839056 3 2 1 5 4 
94 11 6 1 13.0 4.359613261041339 5 1 3 4 2 
95 19 22 5 13.0 0.7361241350845227 5 4 3 1 2 
96 20 5 2 13.0 1.1109454973205253 1 4 2 5 3 
97 7 19 3 13.0 2.0260905627958037 1 4 3 2 5 
98 7 14 4 13.0 0.1385211686164889 2 3 4 5 1 
99 6 2 1 13.0 3.0404150389467106 2 3 4 5 1 
100 18 13 4 13.0 2.511309907376803 3 2 5 1 4 
90
90
90
90
90
90
90
90
90
90
90
90
90
90
90
90
90
90
90
90
90
90
0 0 80 0 80 0 0 0 0 80 0 0 0 0 0 80 0 0 0 80 0 0 
0 0 0 0 0 0 80 0 0 0 0 0 0 80 80 0 0 0 0 0 0 0 
80 0 0 0 0 0 80 0 0 0 0 0 80 0 0 0 0 0 0 0 0 0 
0 0 0 0 80 0 0 0 0 0 0 0 0 0 0 0 80 0 0 0 80 0 
80 0 0 80 0 0 80 80 0 0 80 0 80 0 80 0 0 0 80 0 0 0 
0 0 0 0 0 0 80 0 0 0 0 0 80 0 0 0 0 80 0 0 0 0 
0 80 80 0 80 80 0 0 0 0 0 0 0 80 0 0 0 0 0 0 0 80 
0 0 0 0 80 0 0 0 0 0 0 0 80 0 0 0 0 0 0 0 0 0 
0 0 0 0 0 0 0 0 0 80 0 0 0 0 0 0 0 0 0 80 0 0 
80 0 0 0 0 0 0 0 80 0 0 0 0 0 0 0 0 0 0 0 80 0 
0 0 0 0 80 0 0 0 0 0 0 0 0 0 0 0 0 0 0 0 0 80 
0 0 0 0 0 0 0 0 0 0 0 0 80 0 80 0 0 0 0 0 0 0 
0 0 80 0 80 80 0 80 0 0 0 80 0 0 0 0 0 0 0 0 0 0 
0 80 0 0 0 0 80 0 0 0 0 0 0 0 0 0 0 0 0 0 0 0 
0 80 0 0 80 0 0 0 0 0 0 80 0 0 0 0 0 0 0 0 0 80 
80 0 0 0 0 0 0 0 0 0 0 0 0 0 0 0 0 0 0 0 0 80 
0 0 0 80 0 0 0 0 0 0 0 0 0 0 0 0 0 0 80 0 0 0 
0 0 0 0 0 80 0 0 0 0 0 0 0 0 0 0 0 0 0 0 0 80 
0 0 0 0 80 0 0 0 0 0 0 0 0 0 0 0 80 0 0 0 0 80 
80 0 0 0 0 0 0 0 80 0 0 0 0 0 0 0 0 0 0 0 0 0 
0 0 0 80 0 0 0 0 0 80 0 0 0 0 0 0 0 0 0 0 0 0 
0 0 0 0 0 0 80 0 0 0 80 0 0 0 80 80 0 80 80 0 0 0 
