5 100 16 0
17.93 4;6.59 3;18.33 5;22.12 3;2.29 4;
1 6 5 1 13.0 3.475135152206807 3 1 2 4 5 
2 8 13 3 13.0 1.7574248335812332 3 1 2 5 4 
3 5 13 2 13.0 2.9778377902031155 2 3 5 4 1 
4 4 13 1 13.0 2.7676346849461 4 3 1 5 2 
5 5 4 1 13.0 4.654664307076151 4 2 1 3 5 
6 15 4 3 13.0 0.1747814123543867 2 1 4 5 3 
7 9 11 5 13.0 2.598193615390768 4 3 2 1 5 
8 14 8 4 13.0 4.840259455306873 5 2 3 1 4 
9 1 2 4 13.0 0.28588711075423767 2 1 5 4 3 
10 16 8 1 13.0 3.5208134339283665 3 5 2 4 1 
11 5 10 2 13.0 1.8403608859487024 3 4 2 1 5 
12 1 7 5 13.0 2.558849984042048 5 4 3 1 2 
13 7 13 3 13.0 2.210456790011226 5 3 4 1 2 
14 4 2 4 13.0 0.9277257411567119 4 1 5 2 3 
15 2 10 5 13.0 4.934209739173658 5 4 1 3 2 
16 7 1 3 13.0 4.564072930703214 1 2 5 4 3 
17 8 13 2 13.0 3.862393133030822 3 5 1 4 2 
18 11 9 4 13.0 2.7743565192811914 5 2 1 3 4 
19 3 10 5 13.0 3.527389832179203 3 4 1 5 2 
20 13 12 4 13.0 3.124545254105036 4 2 3 1 5 
21 8 2 4 13.0 0.724125401744215 4 5 3 1 2 
22 7 12 2 13.0 4.64732288789499 1 5 3 4 2 
23 8 11 4 13.0 4.560699421122949 4 5 1 3 2 
24 7 3 3 13.0 4.943560136438107 3 5 1 4 2 
25 11 8 1 13.0 4.916442580389104 5 1 3 2 4 
26 10 11 1 13.0 3.5566836286923404 2 1 5 4 3 
27 8 16 5 13.0 4.857048619751098 2 4 5 3 1 
28 14 16 5 13.0 1.1696838035030837 5 4 1 2 3 
29 2 8 2 13.0 4.503845965619711 5 1 4 3 2 
30 16 12 1 13.0 0.41210640245528396 1 2 4 5 3 
31 13 9 5 13.0 1.8482130581624094 5 3 2 4 1 
32 7 3 3 13.0 1.2135476060666446 3 2 4 5 1 
33 10 7 5 13.0 3.9002898507690826 4 3 5 1 2 
34 1 11 4 13.0 4.526667144240357 1 3 2 5 4 
35 5 15 2 13.0 4.245158237432851 1 2 3 4 5 
36 9 12 2 13.0 3.244818244017374 1 2 5 4 3 
37 15 11 3 13.0 3.5314155579605844 1 4 5 3 2 
38 12 16 2 13.0 0.4147468346458216 4 2 1 3 5 
39 5 2 4 13.0 1.2627404904815043 1 3 5 4 2 
40 4 12 4 13.0 2.05034212712311 3 5 4 1 2 
41 9 3 2 13.0 2.1590494750739415 1 4 2 3 5 
42 9 5 1 13.0 1.8541927835151317 3 4 2 5 1 
43 8 14 5 13.0 2.4388843518996635 1 5 3 4 2 
44 2 3 5 13.0 1.4635950535360698 2 1 4 3 5 
45 11 6 2 13.0 3.3176390738647035 4 5 3 2 1 
46 7 2 5 13.0 2.917532283043864 3 5 1 4 2 
47 2 9 4 13.0 1.8750800797274714 1 5 2 4 3 
48 9 12 5 13.0 1.414882039770674 1 5 2 3 4 
49 3 6 5 13.0 4.225365687068237 2 4 1 3 5 
50 11 10 3 13.0 0.426045762424182 5 1 4 3 2 
51 5 11 2 13.0 2.8365151939114326 3 2 1 4 5 
52 13 1 2 13.0 2.0216474854636006 3 4 5 2 1 
53 15 11 3 13.0 1.629940354234265 2 1 4 5 3 
54 6 10 2 13.0 0.11589925182171557 2 3 4 5 1 
55 6 12 3 13.0 4.424809418540104 1 4 3 2 5 
56 6 8 2 13.0 4.2179537008563 2 1 4 5 3 
57 10 11 3 13.0 4.335295316854929 1 2 3 4 5 
58 5 12 2 13.0 2.4750158709199654 4 1 5 3 2 
59 4 15 2 13.0 2.6730924059324623 1 5 3 4 2 
60 13 3 5 13.0 4.253211547027753 5 3 4 1 2 
61 9 16 2 13.0 1.4320390056551386 4 3 5 2 1 
62 7 12 2 13.0 4.0276270849584535 4 5 2 3 1 
63 10 5 2 13.0 2.2192692309400086 5 4 1 3 2 
64 16 1 1 13.0 2.9774318751827282 5 2 4 3 1 
65 15 9 1 13.0 1.606156643079546 1 4 3 2 5 
66 1 7 4 13.0 4.985386041601003 3 4 2 5 1 
67 12 1 4 13.0 1.3691250017752927 4 1 3 2 5 
68 15 8 4 13.0 2.069798256111908 3 4 1 5 2 
69 15 6 1 13.0 2.2410974831511514 5 3 1 4 2 
70 11 2 5 13.0 0.8361659996408688 4 3 2 1 5 
71 7 5 2 13.0 2.8366770273179 1 2 3 5 4 
72 16 11 2 13.0 1.3564161386669422 5 2 4 1 3 
73 14 4 3 13.0 2.559526256448229 3 2 1 5 4 
74 3 15 4 13.0 1.4765178283360036 5 4 1 2 3 
75 14 8 5 13.0 0.18374413994252325 1 3 4 2 5 
76 6 1 1 13.0 3.8079037195845795 4 3 5 1 2 
77 10 4 2 13.0 4.732338798526061 2 3 1 4 5 
78 11 15 3 13.0 0.3398349397671879 2 4 1 5 3 
79 2 6 5 13.0 4.171904757714112 4 5 3 1 2 
80 9 10 3 13.0 1.0246956874582374 5 3 4 1 2 
81 1 5 4 13.0 4.001863066532473 3 5 2 1 4 
82 9 3 1 13.0 4.639962171284829 1 4 5 3 2 
83 12 10 5 13.0 2.684930446418944 4 3 2 1 5 
84 16 4 4 13.0 1.9096768559502009 3 4 1 2 5 
85 8 10 3 13.0 2.6785719101197603 2 4 5 1 3 
86 16 13 2 13.0 1.7345474253838078 3 2 1 5 4 
87 1 2 3 13.0 4.733931825385141 5 3 4 1 2 
88 11 2 4 13.0 2.883491263350921 4 1 2 5 3 
89 15 5 5 13.0 1.9807567941851252 4 5 2 3 1 
90 11 12 5 13.0 0.4426577726807057 5 3 4 1 2 
91 7 12 3 13.0 2.2495928515011525 1 2 3 5 4 
92 7 1 2 13.0 2.738539255467749 3 5 4 2 1 
93 16 10 1 13.0 4.40445706580649 1 5 4 3 2 
94 9 7 3 13.0 0.7316717899962366 5 2 1 4 3 
95 2 1 4 13.0 2.9042178499536027 2 1 3 4 5 
96 15 5 4 13.0 2.866853463348189 4 3 5 2 1 
97 14 8 1 13.0 3.152773467044907 3 1 2 4 5 
98 2 14 4 13.0 0.26136125863461646 2 1 3 5 4 
99 8 14 4 13.0 3.318758649427509 2 4 3 5 1 
100 4 11 1 13.0 2.048202037632211 3 5 4 2 1 
100
100
100
100
100
100
100
100
100
100
100
100
100
100
100
100
0 60 0 0 60 60 60 60 0 0 0 60 60 0 60 0 
60 0 0 0 60 60 0 0 0 0 0 60 60 0 60 0 
0 0 0 60 0 60 60 60 0 0 60 0 0 0 0 0 
0 0 60 0 0 0 60 60 60 60 60 0 0 0 0 0 
60 60 0 0 0 0 0 0 0 0 0 60 60 0 60 0 
60 60 60 0 0 0 60 60 0 0 0 0 0 0 0 0 
60 0 60 60 0 60 0 60 60 60 0 60 60 60 60 0 
60 0 60 60 0 60 60 0 0 0 0 0 0 0 0 0 
0 0 0 60 0 0 60 0 0 60 60 0 0 60 60 60 
0 0 0 60 0 0 60 0 60 0 60 0 0 60 60 0 
0 0 60 60 0 0 0 0 60 60 0 0 0 0 0 0 
60 60 0 0 60 0 60 0 0 0 0 0 60 0 60 0 
60 60 0 0 60 0 60 0 0 0 0 60 0 60 60 0 
0 0 0 0 0 0 60 0 60 60 0 0 60 0 60 60 
60 60 0 0 60 0 60 0 60 60 0 60 60 60 0 0 
0 0 0 0 0 0 0 0 60 0 0 0 0 60 0 0 
