5 100 28 0
8.06 4;5.84 1;12.31 1;6.48 4;6.46 4;
1 21 26 3 13.0 0.7295841017449028 3 4 1 5 2 
2 18 26 1 13.0 3.84993623038802 4 3 2 1 5 
3 5 25 4 13.0 0.8956886718075863 5 4 2 3 1 
4 21 25 1 13.0 0.0967352652485387 2 4 5 3 1 
5 28 17 3 13.0 2.205275849236477 1 5 2 4 3 
6 17 2 1 13.0 2.1671860392635116 3 4 1 2 5 
7 14 20 2 13.0 0.6638376066899065 2 1 3 4 5 
8 24 22 4 13.0 4.542897859212967 2 5 3 1 4 
9 18 10 4 13.0 2.367902412427054 4 2 3 5 1 
10 17 1 1 13.0 2.284784507334621 4 5 2 1 3 
11 5 13 2 13.0 0.062110078051651474 2 3 1 4 5 
12 28 25 2 13.0 3.242483733942625 3 5 4 1 2 
13 20 14 2 13.0 0.4690395720309787 4 5 1 3 2 
14 6 2 4 13.0 3.4332099320455054 4 2 3 1 5 
15 2 7 2 13.0 2.663476120079516 4 1 3 2 5 
16 5 2 3 13.0 2.4006012344161927 4 1 2 5 3 
17 26 7 4 13.0 2.8749472331577843 1 5 2 4 3 
18 18 17 5 13.0 4.773702927161944 5 1 3 2 4 
19 26 23 3 13.0 0.30395727872519984 4 3 5 2 1 
20 15 20 5 13.0 1.0258375183367308 4 3 5 2 1 
21 14 23 4 13.0 1.2823025328154065 2 3 5 4 1 
22 10 26 5 13.0 4.882389329144294 4 5 3 2 1 
23 11 17 2 13.0 1.1905525032055153 1 3 5 2 4 
24 25 2 1 13.0 1.8453033250168949 2 1 4 5 3 
25 12 7 3 13.0 0.04139484708436614 2 3 5 4 1 
26 18 4 4 13.0 1.4936842344440087 2 3 1 4 5 
27 17 24 1 13.0 1.8321415878439145 2 1 4 3 5 
28 1 10 4 13.0 4.375392104118255 5 4 2 3 1 
29 18 24 2 13.0 3.9483544233919883 5 2 4 3 1 
30 22 17 5 13.0 4.710984243925872 1 4 2 3 5 
31 10 4 5 13.0 0.4298269780396835 5 4 2 3 1 
32 20 9 1 13.0 3.8407500899182527 1 2 3 4 5 
33 20 15 2 13.0 4.154268085165233 3 2 4 5 1 
34 6 10 2 13.0 2.6132296136492634 1 4 3 2 5 
35 21 11 1 13.0 1.2542438917322278 3 2 5 4 1 
36 7 20 2 13.0 4.915693047373381 5 2 4 3 1 
37 17 2 3 13.0 0.6739430761846327 4 5 3 1 2 
38 4 18 2 13.0 0.3222086858077694 5 4 1 3 2 
39 27 15 3 13.0 3.718736032089538 1 2 3 5 4 
40 17 6 2 13.0 4.212677715822798 3 4 5 1 2 
41 1 14 4 13.0 1.5039863545686016 3 4 1 5 2 
42 22 19 3 13.0 4.983560474486085 3 4 1 5 2 
43 25 26 4 13.0 4.82664943662645 1 3 4 5 2 
44 10 28 1 13.0 4.866390883207196 4 2 3 1 5 
45 19 12 1 13.0 4.287588889879042 3 1 4 2 5 
46 13 10 1 13.0 1.6618916026177804 5 2 4 3 1 
47 8 21 3 13.0 2.649960166357111 4 5 1 3 2 
48 23 21 1 13.0 0.13961426638393282 2 1 5 3 4 
49 2 23 4 13.0 0.3458593858537484 2 5 1 4 3 
50 17 27 1 13.0 0.43566270319332356 1 3 2 4 5 
51 25 7 2 13.0 1.7287470900927382 3 1 4 5 2 
52 1 8 2 13.0 1.925923190540667 4 5 3 2 1 
53 4 12 1 13.0 1.8683863777909977 1 2 4 3 5 
54 14 25 1 13.0 4.036382661574358 5 2 1 4 3 
55 8 5 2 13.0 0.12846778681019244 2 5 1 3 4 
56 8 17 5 13.0 2.5221114534655027 2 4 3 1 5 
57 11 8 4 13.0 4.314205604612307 2 1 5 4 3 
58 18 17 2 13.0 0.8750177511163537 1 4 5 3 2 
59 27 21 4 13.0 2.654945728511271 5 1 3 4 2 
60 10 7 4 13.0 1.1188162933121482 2 3 1 5 4 
61 8 12 1 13.0 1.3436439556283364 3 5 1 2 4 
62 27 10 4 13.0 3.340878264560636 4 2 3 1 5 
63 7 22 1 13.0 4.310409777355957 1 3 4 5 2 
64 13 15 5 13.0 0.6453287733833751 2 1 5 3 4 
65 27 25 1 13.0 4.35352657203715 5 4 3 2 1 
66 22 5 3 13.0 0.021599634556734304 1 4 2 3 5 
67 14 25 4 13.0 4.3411984122028615 3 1 4 5 2 
68 24 28 4 13.0 2.2213329456575215 5 1 2 4 3 
69 10 21 1 13.0 1.9236225194814534 2 5 3 1 4 
70 22 11 1 13.0 0.033891562238506645 1 3 4 5 2 
71 28 12 4 13.0 2.1775325228878906 2 1 5 3 4 
72 20 17 1 13.0 3.8793068910130772 4 5 3 1 2 
73 20 24 1 13.0 1.0153199940367137 1 3 4 2 5 
74 1 5 5 13.0 2.1355049137805753 3 5 2 1 4 
75 11 16 3 13.0 3.713682933754259 2 3 1 5 4 
76 16 7 5 13.0 3.116530134841085 1 3 2 4 5 
77 7 20 3 13.0 1.0252063538351242 3 5 4 1 2 
78 20 3 4 13.0 1.495241693611865 4 2 1 3 5 
79 4 11 5 13.0 3.2599406357560303 4 5 1 2 3 
80 7 19 1 13.0 2.838697646675901 4 1 3 2 5 
81 1 2 3 13.0 4.139680846473441 1 2 4 5 3 
82 28 1 1 13.0 3.0259106929628987 4 2 3 5 1 
83 12 19 3 13.0 1.9513437956772046 4 2 1 3 5 
84 3 5 4 13.0 2.15534531845413 3 4 2 5 1 
85 26 28 1 13.0 4.851655432657646 5 2 1 4 3 
86 6 18 2 13.0 4.2624465805051495 4 2 1 5 3 
87 26 20 1 13.0 3.7342497515945086 3 1 2 5 4 
88 4 20 1 13.0 1.7469590456597595 2 3 5 1 4 
89 10 28 3 13.0 2.1480273640389687 1 5 2 3 4 
90 6 12 3 13.0 4.3578414481774335 4 5 3 2 1 
91 14 22 5 13.0 3.245786598853664 5 1 4 2 3 
92 2 1 3 13.0 0.21394842930889113 3 1 4 5 2 
93 10 4 3 13.0 3.284523356001186 3 2 4 5 1 
94 8 15 1 13.0 1.905809764957146 2 1 4 5 3 
95 28 16 1 13.0 0.5716040185323268 2 5 3 4 1 
96 25 13 3 13.0 2.3017720907818795 5 1 3 2 4 
97 10 14 2 13.0 3.206069713521123 3 4 1 2 5 
98 26 18 5 13.0 3.6150582311341344 2 1 4 5 3 
99 9 1 3 13.0 3.909233101697063 4 2 1 5 3 
100 7 9 5 13.0 4.2742375538828545 4 1 3 5 2 
90
90
90
90
90
90
90
90
90
90
90
90
90
90
90
90
90
90
90
90
90
90
90
90
90
90
90
90
0 0 0 0 0 0 80 0 0 0 0 80 80 80 0 0 0 0 0 0 0 0 0 0 0 0 0 0 
0 0 0 80 0 0 0 0 0 0 0 0 0 0 0 0 0 0 0 0 0 80 0 0 0 0 0 0 
0 0 0 0 0 0 0 0 0 0 0 0 0 0 80 80 0 0 0 0 0 0 0 0 0 0 0 0 
0 80 0 0 0 0 0 80 0 0 0 0 0 0 0 0 0 0 0 0 0 0 0 0 0 0 80 0 
0 0 0 0 0 0 0 0 80 0 0 0 80 0 0 0 0 80 0 0 80 0 0 0 0 80 0 0 
0 0 0 0 0 0 0 0 0 0 0 0 0 0 0 80 0 0 0 80 0 0 0 0 0 0 0 0 
80 0 0 0 0 0 0 0 0 0 80 0 0 0 0 0 0 0 0 80 0 0 0 0 0 0 0 0 
0 0 0 80 0 0 0 0 0 0 0 0 0 0 0 0 0 0 0 0 80 0 0 0 0 80 0 0 
0 0 0 0 80 0 0 0 0 0 0 0 0 0 0 0 0 0 80 0 0 0 0 0 0 0 0 0 
0 0 0 0 0 0 0 0 0 0 0 80 0 80 0 0 0 0 0 0 0 0 0 0 0 0 0 0 
0 0 0 0 0 0 80 0 0 0 0 0 80 0 0 0 0 80 0 0 0 0 0 80 0 0 0 0 
80 0 0 0 0 0 0 0 0 80 0 0 0 0 0 0 0 0 0 0 0 0 0 0 0 0 0 0 
80 0 0 0 80 0 0 0 0 0 80 0 0 0 0 0 0 0 0 0 0 0 0 0 0 0 0 0 
80 0 0 0 0 0 0 0 0 80 0 0 0 0 0 0 0 0 0 80 0 0 0 0 0 0 0 0 
0 0 80 0 0 0 0 0 0 0 0 0 0 0 0 0 0 0 0 80 0 0 0 0 0 0 0 80 
0 0 80 0 0 80 0 0 0 0 0 0 0 0 0 0 0 0 0 0 0 0 0 0 0 0 0 0 
0 0 0 0 0 0 0 0 0 0 0 0 0 0 0 0 0 80 0 0 0 80 0 0 0 0 0 80 
0 0 0 0 80 0 0 0 0 0 80 0 0 0 0 0 80 0 0 0 0 0 0 0 80 0 0 0 
0 0 0 0 0 0 0 0 80 0 0 0 0 0 0 0 0 0 0 0 0 0 80 0 0 0 0 0 
0 0 0 0 0 80 80 0 0 0 0 0 0 80 80 0 0 0 0 0 0 0 0 80 0 0 0 0 
0 0 0 0 80 0 0 80 0 0 0 0 0 0 0 0 0 0 0 0 0 0 0 0 80 0 0 0 
0 80 0 0 0 0 0 0 0 0 0 0 0 0 0 0 80 0 0 0 0 0 0 0 0 0 80 0 
0 0 0 0 0 0 0 0 0 0 0 0 0 0 0 0 0 0 80 0 0 0 0 0 0 80 0 0 
0 0 0 0 0 0 0 0 0 0 80 0 0 0 0 0 0 0 0 80 0 0 0 0 0 0 0 80 
0 0 0 0 0 0 0 0 0 0 0 0 0 0 0 0 0 80 0 0 80 0 0 0 0 0 80 0 
0 0 0 0 80 0 0 80 0 0 0 0 0 0 0 0 0 0 0 0 0 0 80 0 0 0 0 0 
0 0 0 80 0 0 0 0 0 0 0 0 0 0 0 0 0 0 0 0 0 80 0 0 80 0 0 0 
0 0 0 0 0 0 0 0 0 0 0 0 0 0 80 0 80 0 0 0 0 0 0 80 0 0 0 0 
