5 100 17 0
21.71 1;13.12 2;3.29 1;14.65 5;10.9 3;
1 4 7 3 13.0 1.3580775550498991 3 5 4 2 1 
2 14 11 3 13.0 1.634538177435344 1 3 4 5 2 
3 1 7 5 13.0 3.05722067434888 4 3 5 2 1 
4 5 6 5 13.0 3.887217754615409 2 1 5 4 3 
5 15 12 5 13.0 3.410840451018986 5 4 3 2 1 
6 6 11 5 13.0 2.4908667381121457 3 5 1 2 4 
7 5 13 5 13.0 4.4862586416838335 1 2 5 3 4 
8 7 10 4 13.0 4.183582901209728 1 2 3 5 4 
9 11 7 5 13.0 3.291143917357523 5 4 3 2 1 
10 10 16 3 13.0 0.985499956782242 4 5 2 1 3 
11 13 2 4 13.0 0.4435771722575821 2 1 5 4 3 
12 12 7 4 13.0 0.8174743962406644 3 1 4 2 5 
13 10 2 4 13.0 0.5552034925236127 4 2 1 3 5 
14 11 2 3 13.0 0.8917583040672072 4 1 5 2 3 
15 10 5 2 13.0 2.9117774163080226 5 4 2 3 1 
16 16 3 3 13.0 0.06739813899701963 1 5 2 3 4 
17 17 10 5 13.0 4.8499408397218 5 3 2 4 1 
18 13 14 2 13.0 4.25564887572614 5 4 2 1 3 
19 17 5 1 13.0 1.028962446413098 3 5 2 4 1 
20 4 6 4 13.0 2.1919005766226967 3 5 1 2 4 
21 7 15 2 13.0 4.7440990902073965 3 4 2 5 1 
22 9 15 4 13.0 4.625864008223999 5 2 1 3 4 
23 2 6 3 13.0 3.04081127030013 5 4 2 3 1 
24 9 2 4 13.0 0.2128652065034714 1 2 3 4 5 
25 3 5 4 13.0 0.05428037555059384 4 3 1 2 5 
26 5 1 4 13.0 2.3476262206927494 3 1 4 2 5 
27 4 12 5 13.0 3.2042844697370914 2 4 1 5 3 
28 6 2 1 13.0 0.3903001728398853 1 5 2 4 3 
29 5 6 5 13.0 2.4286216186020853 5 4 2 1 3 
30 11 5 2 13.0 0.8896136811702771 2 5 3 4 1 
31 4 3 3 13.0 1.1877966508411186 1 3 4 5 2 
32 2 14 5 13.0 4.66318348152159 4 5 3 1 2 
33 2 3 3 13.0 1.115400127518531 4 1 2 3 5 
34 9 12 5 13.0 1.5511649339470623 4 2 5 3 1 
35 15 13 5 13.0 3.460224981802255 5 2 4 3 1 
36 10 15 4 13.0 0.7990555597574411 3 1 5 4 2 
37 7 10 2 13.0 0.17606800435053138 4 1 5 2 3 
38 2 13 5 13.0 3.1300567230469873 2 3 4 1 5 
39 17 15 2 13.0 2.596707290991481 2 1 4 5 3 
40 3 7 3 13.0 2.3715742361986942 2 3 1 4 5 
41 16 8 3 13.0 1.3381123236755665 2 4 1 3 5 
42 1 15 2 13.0 0.5872583051666702 3 2 5 4 1 
43 7 4 5 13.0 1.7641599110251653 4 2 3 1 5 
44 8 15 3 13.0 2.9162734454341654 4 1 3 2 5 
45 10 3 2 13.0 2.2057748151674343 4 5 2 3 1 
46 15 8 2 13.0 1.073935699217499 1 5 4 3 2 
47 5 14 5 13.0 4.103221970168035 4 2 1 3 5 
48 8 2 2 13.0 3.055889815606365 5 3 1 2 4 
49 8 15 3 13.0 2.734721035875069 5 4 2 1 3 
50 17 9 2 13.0 2.482055157865464 1 2 5 3 4 
51 6 4 5 13.0 0.3131596617010457 2 5 4 1 3 
52 4 2 4 13.0 3.3101183978008653 1 4 3 2 5 
53 16 2 5 13.0 3.6931455522347907 1 3 5 2 4 
54 12 15 2 13.0 2.61549318455567 3 1 5 2 4 
55 17 11 4 13.0 4.776046718037462 1 4 2 3 5 
56 10 1 2 13.0 0.9409913579585027 1 2 3 5 4 
57 10 8 4 13.0 3.7669210948004244 2 1 4 5 3 
58 16 8 3 13.0 2.686838240087055 5 4 1 2 3 
59 16 9 1 13.0 3.9848782691236195 4 1 3 2 5 
60 6 2 3 13.0 1.2351362674087047 2 4 3 5 1 
61 7 12 3 13.0 0.6781934561975494 2 3 4 5 1 
62 5 8 5 13.0 2.4331061921005426 2 3 4 5 1 
63 12 1 1 13.0 1.234148387741762 3 4 5 1 2 
64 8 1 5 13.0 4.416052541068906 2 1 3 4 5 
65 4 7 5 13.0 4.647900471155646 2 5 3 4 1 
66 17 9 5 13.0 3.5944575323148653 1 4 3 5 2 
67 17 6 3 13.0 4.611844364793975 2 5 3 1 4 
68 5 17 1 13.0 0.983987506983498 4 3 2 1 5 
69 3 1 1 13.0 3.1955333574114873 2 3 1 5 4 
70 15 14 3 13.0 2.413005388097123 5 2 4 1 3 
71 12 11 3 13.0 0.7958265037926177 2 4 3 1 5 
72 14 16 1 13.0 0.1799847058993198 2 1 4 3 5 
73 16 17 5 13.0 4.575235333683092 5 3 1 2 4 
74 7 14 5 13.0 0.35343282675333987 5 3 2 1 4 
75 2 1 5 13.0 4.655601843197404 3 1 5 4 2 
76 11 14 1 13.0 0.55254723032725 2 3 5 4 1 
77 5 3 4 13.0 0.901434947609629 4 5 1 2 3 
78 3 9 1 13.0 1.7198233681621278 3 5 4 2 1 
79 5 15 5 13.0 4.095768377374994 5 4 1 2 3 
80 15 12 1 13.0 3.704700662179717 3 4 5 1 2 
81 7 6 5 13.0 2.9028954662403024 5 2 1 3 4 
82 8 11 2 13.0 0.22258500522280622 2 3 4 5 1 
83 14 9 4 13.0 3.62205753687544 3 2 4 5 1 
84 10 1 4 13.0 4.912910229948707 4 5 3 2 1 
85 9 5 2 13.0 0.3015266542479933 2 1 3 5 4 
86 14 10 3 13.0 0.23355563074216323 2 1 5 4 3 
87 7 4 3 13.0 2.1442532074626786 1 2 5 4 3 
88 15 11 5 13.0 0.6471002030918988 5 3 1 2 4 
89 16 13 5 13.0 4.356650489052307 3 4 1 2 5 
90 5 9 4 13.0 1.2473399022729885 3 4 2 5 1 
91 15 13 2 13.0 3.325778151123051 3 2 4 5 1 
92 14 16 3 13.0 3.3177451564489107 4 2 5 1 3 
93 7 14 2 13.0 0.42018717750055 5 4 2 3 1 
94 13 5 4 13.0 1.9452744233740322 4 3 5 1 2 
95 1 12 1 13.0 2.0831980540737844 4 3 5 2 1 
96 8 5 1 13.0 0.5918023369432657 4 1 2 5 3 
97 11 6 1 13.0 3.9353559759797068 2 4 5 1 3 
98 15 11 4 13.0 3.8985594551568825 4 3 1 2 5 
99 9 12 4 13.0 0.7212519681752283 1 5 4 3 2 
100 15 10 4 13.0 4.528205879373932 5 3 2 4 1 
120
120
120
120
120
120
120
120
120
120
120
120
120
120
120
120
120
0 100 100 0 100 100 0 0 0 0 0 0 0 100 0 0 100 
100 0 0 0 0 0 0 0 100 0 0 100 0 0 0 100 100 
100 0 0 0 100 100 0 0 0 0 0 0 0 0 0 0 0 
0 0 0 0 100 0 0 0 0 0 0 0 0 100 0 0 0 
100 0 100 100 0 0 0 0 0 0 0 0 0 0 0 0 0 
100 0 100 0 0 0 0 0 0 0 0 0 0 0 0 0 100 
0 0 0 0 0 0 0 100 100 0 0 0 0 0 0 0 0 
0 0 0 0 0 0 100 0 0 100 0 0 0 0 0 0 0 
0 100 0 0 0 0 100 0 0 100 0 0 0 0 0 0 100 
0 0 0 0 0 0 0 100 100 0 100 0 0 0 0 0 0 
0 0 0 0 0 0 0 0 0 100 0 100 0 0 0 0 0 
0 100 0 0 0 0 0 0 0 0 100 0 0 0 0 0 0 
0 0 0 0 0 0 0 0 0 0 0 0 0 100 100 0 0 
100 0 0 100 0 0 0 0 0 0 0 0 100 0 0 100 0 
0 0 0 0 0 0 0 0 0 0 0 0 100 0 0 100 0 
0 100 0 0 0 0 0 0 0 0 0 0 0 100 100 0 0 
100 100 0 0 0 100 0 0 100 0 0 0 0 0 0 0 0 
