5 100 23 60
16.16 2;16.88 3;14.16 3;16.71 2;3.94 1;
1 23 19 1 13.0 0.8716239838508453 4 1 2 3 
2 14 10 1 13.0 1.9448097041547476 4 1 3 2 
3 10 21 1 13.0 0.5633840004703674 2 5 3 1 
4 21 15 1 13.0 1.8350243883414417 2 1 3 4 
5 15 5 1 13.0 1.9571513158581022 2 1 4 3 
6 17 8 1 13.0 1.4523109312040061 2 5 4 1 
7 18 22 1 13.0 1.974419064772846 4 3 1 5 
8 10 23 1 13.0 1.0690309667681979 2 1 3 5 
9 19 9 1 13.0 1.3214625405774778 1 5 4 3 
10 6 16 1 13.0 0.09462274005815119 2 1 3 5 
11 21 10 1 13.0 0.8168497109268829 4 2 1 5 
12 18 12 1 13.0 0.41179040080335527 4 2 1 3 
13 12 4 1 13.0 0.4380530405469836 2 3 5 1 
14 6 7 1 13.0 1.4502197763748266 4 2 5 3 
15 6 14 1 13.0 0.8818023369919314 4 2 3 5 
16 9 21 1 13.0 1.571866880073351 3 2 5 4 
17 5 10 1 13.0 1.7186347276662923 3 5 1 2 
18 5 13 1 13.0 0.9479867730702967 3 4 2 1 
19 17 6 1 13.0 0.27412025187750766 4 1 3 2 
20 12 19 1 13.0 1.3872291579381908 3 1 2 4 
21 9 20 1 13.0 1.6537604721168682 4 5 1 3 
22 17 14 1 13.0 1.0728200682187656 1 4 5 2 
23 22 21 1 13.0 0.40494993609401897 4 3 1 5 
24 6 4 1 13.0 0.7823049729456732 3 1 5 4 
25 20 13 1 13.0 1.5637279467718728 4 2 5 3 
26 13 23 1 13.0 1.3928976866422456 3 2 1 4 
27 5 7 1 13.0 1.2633124490947345 2 5 1 4 
28 13 12 1 13.0 0.5671054709169281 1 2 5 4 
29 23 12 1 13.0 1.2363863471985093 1 5 2 4 
30 20 16 1 13.0 1.3313171809203865 1 3 2 5 
31 7 15 1 13.0 1.4776896322845159 1 2 3 5 
32 17 23 1 13.0 0.3692223570682913 4 2 1 3 
33 22 20 1 13.0 1.739048624371705 1 4 5 3 
34 14 5 1 13.0 1.4730016499616698 2 5 3 4 
35 18 8 1 13.0 1.4428309283805225 5 2 3 4 
36 9 15 1 13.0 0.5108452382196993 2 3 5 1 
37 9 14 1 13.0 1.5961391640009925 2 3 5 4 
38 18 21 1 13.0 1.2373004593553685 4 2 3 5 
39 16 13 1 13.0 1.1503691886925087 1 2 4 3 
40 9 14 1 13.0 1.67808974687089 2 1 4 5 
41 14 9 1 13.0 1.0659315664751852 2 5 3 1 
42 13 7 1 13.0 1.6775748272724376 5 2 1 4 
43 16 15 1 13.0 0.53608856670514 1 2 4 3 
44 12 7 1 13.0 0.8213069954952827 5 4 3 1 
45 14 16 1 13.0 1.3197230698242777 1 4 5 3 
46 23 8 1 13.0 1.9594212882953503 1 4 3 2 
47 10 11 1 13.0 1.6207870630552195 1 5 3 2 
48 17 20 1 13.0 1.2531549173011989 3 4 2 1 
49 9 5 1 13.0 1.844355596729999 3 5 2 4 
50 12 22 1 13.0 0.8351481936659113 1 3 2 4 
51 23 10 1 13.0 0.5364710196980653 3 1 4 2 
52 4 21 1 13.0 1.0440817849318311 1 5 3 2 
53 15 23 1 13.0 0.9477883076970237 3 2 1 4 
54 17 8 1 13.0 0.19403558046314684 2 5 3 4 
55 4 20 1 13.0 0.8896776995147326 5 2 4 3 
56 10 4 1 13.0 0.9501409699766741 1 4 5 3 
57 4 11 1 13.0 0.9295421946771016 1 2 4 3 
58 18 21 1 13.0 0.6981346545660472 5 1 2 4 
59 7 6 1 13.0 1.8163847129874466 3 4 2 1 
60 7 6 1 13.0 0.31792178824727246 1 5 3 2 
61 22 7 1 13.0 0.7309710112377596 5 2 4 1 
62 16 10 1 13.0 0.8294844306812037 1 3 2 5 
63 11 10 1 13.0 1.7920496165898092 4 5 3 1 
64 17 12 1 13.0 0.15534987258715183 2 5 4 3 
65 8 4 1 13.0 1.2142626989248977 1 2 3 5 
66 4 8 1 13.0 0.20755849643391344 3 4 2 5 
67 19 12 1 13.0 0.22577196816426293 2 4 3 1 
68 8 19 1 13.0 0.9336058414121342 2 4 1 3 
69 23 14 1 13.0 1.5697216227564559 1 4 2 5 
70 19 10 1 13.0 1.8069111658562969 1 5 2 4 
71 4 5 1 13.0 1.7321976953192957 3 4 5 2 
72 8 18 1 13.0 1.3923188914633142 3 4 1 2 
73 19 12 1 13.0 0.33672449529148185 3 2 5 1 
74 4 8 1 13.0 1.8517925933620145 2 1 3 4 
75 11 6 1 13.0 0.13861351426620838 1 3 5 2 
76 20 19 1 13.0 0.9923837495653471 1 2 4 5 
77 15 11 1 13.0 1.0694996152884138 1 5 4 3 
78 13 23 1 13.0 0.27504007176823486 4 5 2 1 
79 10 19 1 13.0 1.7944043114361083 1 4 2 5 
80 7 17 1 13.0 0.13079047872351768 1 2 5 3 
81 23 11 1 13.0 0.496641924534752 4 2 3 5 
82 5 10 1 13.0 1.2994581980516047 1 3 5 4 
83 5 16 1 13.0 0.1316499126381827 4 2 3 1 
84 4 7 1 13.0 1.7349570532134122 5 3 4 1 
85 13 6 1 13.0 0.9787703154574143 2 3 5 4 
86 9 11 1 13.0 0.9946866989687071 4 1 5 2 
87 18 13 1 13.0 1.507144214720242 1 5 2 4 
88 11 9 1 13.0 0.10417054176727247 1 3 4 2 
89 11 6 1 13.0 1.8197937896505525 3 2 1 5 
90 4 17 1 13.0 0.9601526776691485 3 4 5 2 
91 11 23 1 13.0 1.5910445409254879 2 4 5 1 
92 17 21 1 13.0 1.9416793433012156 4 5 1 2 
93 14 23 1 13.0 0.9876073653565889 2 3 1 5 
94 7 16 1 13.0 1.2496923916877278 4 5 3 1 
95 18 13 1 13.0 0.2949710158723826 5 4 2 1 
96 21 22 1 13.0 0.4522195811013143 4 5 3 2 
97 9 8 1 13.0 0.4026196182859323 5 1 2 4 
98 16 5 1 13.0 0.6754790057920586 5 1 2 3 
99 7 8 1 13.0 0.7308720493608958 1 2 3 4 
100 6 20 1 13.0 1.3878218649436578 1 4 5 3 
150
150
150
36
36
36
36
36
36
36
36
36
36
36
36
36
36
36
36
36
36
36
36
0 0 0 150 150 150 150 150 150 150 150 150 150 150 150 150 150 150 150 150 150 150 150 
0 0 0 150 150 150 150 150 150 150 150 150 150 150 150 150 150 150 150 150 150 150 150 
0 0 0 150 150 150 150 150 150 150 150 150 150 150 150 150 150 150 150 150 150 150 150 
150 150 150 0 0 0 0 0 0 0 0 0 0 0 0 0 0 0 0 0 0 0 0 
150 150 150 0 0 0 0 0 0 0 0 0 0 0 0 0 0 0 0 0 0 0 0 
150 150 150 0 0 0 0 0 0 0 0 0 0 0 0 0 0 0 0 0 0 0 0 
150 150 150 0 0 0 0 0 0 0 0 0 0 0 0 0 0 0 0 0 0 0 0 
150 150 150 0 0 0 0 0 0 0 0 0 0 0 0 0 0 0 0 0 0 0 0 
150 150 150 0 0 0 0 0 0 0 0 0 0 0 0 0 0 0 0 0 0 0 0 
150 150 150 0 0 0 0 0 0 0 0 0 0 0 0 0 0 0 0 0 0 0 0 
150 150 150 0 0 0 0 0 0 0 0 0 0 0 0 0 0 0 0 0 0 0 0 
150 150 150 0 0 0 0 0 0 0 0 0 0 0 0 0 0 0 0 0 0 0 0 
150 150 150 0 0 0 0 0 0 0 0 0 0 0 0 0 0 0 0 0 0 0 0 
150 150 150 0 0 0 0 0 0 0 0 0 0 0 0 0 0 0 0 0 0 0 0 
150 150 150 0 0 0 0 0 0 0 0 0 0 0 0 0 0 0 0 0 0 0 0 
150 150 150 0 0 0 0 0 0 0 0 0 0 0 0 0 0 0 0 0 0 0 0 
150 150 150 0 0 0 0 0 0 0 0 0 0 0 0 0 0 0 0 0 0 0 0 
150 150 150 0 0 0 0 0 0 0 0 0 0 0 0 0 0 0 0 0 0 0 0 
150 150 150 0 0 0 0 0 0 0 0 0 0 0 0 0 0 0 0 0 0 0 0 
150 150 150 0 0 0 0 0 0 0 0 0 0 0 0 0 0 0 0 0 0 0 0 
150 150 150 0 0 0 0 0 0 0 0 0 0 0 0 0 0 0 0 0 0 0 0 
150 150 150 0 0 0 0 0 0 0 0 0 0 0 0 0 0 0 0 0 0 0 0 
150 150 150 0 0 0 0 0 0 0 0 0 0 0 0 0 0 0 0 0 0 0 0 
