5 200 25 100
1.28 2;11.12 2;24.7 3;24.86 3;2.93 2;
1 21 23 1 13.0 1.0030169407025675 3 1 5 2 
2 25 9 1 13.0 0.2807358923035823 5 3 2 4 
3 19 21 1 13.0 0.672638029904925 2 1 5 3 
4 22 17 1 13.0 0.7510681083705835 5 2 1 4 
5 18 8 1 13.0 0.5431951261907184 4 5 3 1 
6 15 19 1 13.0 1.312790706449181 5 1 4 3 
7 14 24 1 13.0 1.594857646147282 5 3 2 1 
8 16 24 1 13.0 1.3505835285345782 4 1 3 5 
9 19 10 1 13.0 0.7967418711923 4 5 1 2 
10 24 13 1 13.0 1.4120645245726375 3 5 1 2 
11 7 24 1 13.0 1.029718450143543 2 5 1 4 
12 21 19 1 13.0 0.13630919045294565 2 5 4 1 
13 21 23 1 13.0 1.4096068507103099 4 5 1 2 
14 22 9 1 13.0 0.29076034427597874 5 4 1 3 
15 11 23 1 13.0 0.4061548451985353 2 5 1 3 
16 14 12 1 13.0 1.8431082762100874 1 2 5 4 
17 18 6 1 13.0 0.39986546002375123 2 5 3 1 
18 14 20 1 13.0 1.2695299641583346 3 4 1 5 
19 7 11 1 13.0 1.4381724567779903 2 5 3 1 
20 15 19 1 13.0 0.9004956318598292 5 1 4 3 
21 16 21 1 13.0 0.9290288787469798 3 4 1 5 
22 23 20 1 13.0 0.47778385542839685 4 5 1 2 
23 22 15 1 13.0 0.35462938475128714 5 4 2 3 
24 21 17 1 13.0 1.7225231770997234 5 2 3 4 
25 7 20 1 13.0 0.8556983296480234 3 5 1 4 
26 17 19 1 13.0 1.2294920992247511 4 1 2 5 
27 14 16 1 13.0 0.0626492422145013 3 4 1 5 
28 6 21 1 13.0 0.697772462478355 1 3 4 2 
29 18 15 1 13.0 0.05097285254090855 3 1 5 2 
30 22 23 1 13.0 1.6471634353502382 3 1 4 2 
31 25 16 1 13.0 1.2373161021587051 3 1 2 4 
32 16 22 1 13.0 0.26631558156876856 5 2 1 3 
33 18 11 1 13.0 1.3984790752692968 1 5 3 2 
34 20 25 1 13.0 1.7378742950895245 3 5 4 1 
35 18 24 1 13.0 1.9861236467886307 2 1 5 3 
36 18 15 1 13.0 0.26233525398064095 5 4 2 3 
37 22 24 1 13.0 0.429036234189039 2 5 1 4 
38 8 23 1 13.0 1.3328283137630648 3 1 4 2 
39 20 25 1 13.0 0.7995828530876179 2 3 5 4 
40 24 17 1 13.0 0.888295268775884 2 3 1 4 
41 21 8 1 13.0 1.3488589835233504 1 3 4 5 
42 20 10 1 13.0 1.1570958831563178 1 2 3 4 
43 21 20 1 13.0 0.23072865548314758 2 1 5 3 
44 18 13 1 13.0 0.24536128011558755 2 4 5 3 
45 14 16 1 13.0 1.9166068140174652 5 3 1 2 
46 6 8 1 13.0 0.28137873960501025 3 4 1 2 
47 10 25 1 13.0 1.976105474713936 2 5 3 1 
48 24 25 1 13.0 0.729712818670637 3 2 4 5 
49 17 14 1 13.0 0.0904903990218533 4 1 5 2 
50 24 11 1 13.0 0.6904144493274911 5 2 1 3 
51 13 7 1 13.0 1.2205003106411119 4 5 3 1 
52 15 22 1 13.0 1.3768996770762192 5 2 4 3 
53 11 12 1 13.0 0.9822176220664254 2 5 3 4 
54 17 18 1 13.0 1.3055174195621844 2 4 5 3 
55 20 15 1 13.0 0.9575153499701381 5 1 3 2 
56 13 17 1 13.0 0.9951854141440364 1 5 4 2 
57 18 17 1 13.0 1.5334373812285602 3 1 2 5 
58 12 16 1 13.0 1.6136190272131714 2 3 5 4 
59 18 6 1 13.0 1.910515580820909 4 5 2 3 
60 9 20 1 13.0 0.9088335011180655 2 5 1 4 
61 10 14 1 13.0 1.1830504178775096 1 3 5 2 
62 8 9 1 13.0 0.5358346359072259 5 3 1 4 
63 7 18 1 13.0 0.44571146392016225 1 3 5 4 
64 7 22 1 13.0 0.14896324611527945 2 4 3 5 
65 17 22 1 13.0 1.6415557589712315 1 3 4 5 
66 7 11 1 13.0 0.5393486567757337 5 3 1 4 
67 7 17 1 13.0 1.578582146715485 2 1 3 4 
68 20 14 1 13.0 0.7867387046714771 3 1 2 5 
69 25 22 1 13.0 0.10019202495436308 3 2 4 1 
70 13 9 1 13.0 1.1046926744847594 2 4 1 3 
71 24 21 1 13.0 1.0477123421892198 2 4 1 3 
72 23 22 1 13.0 1.1524019464562472 4 1 2 5 
73 18 15 1 13.0 0.7641326002388151 4 3 1 2 
74 15 9 1 13.0 1.0475572833776154 4 5 1 2 
75 16 14 1 13.0 0.8993208364128513 3 5 2 1 
76 23 19 1 13.0 0.4762141453832409 4 5 1 2 
77 19 7 1 13.0 0.8072192654412889 1 2 5 3 
78 13 11 1 13.0 1.6887985165545347 3 4 2 1 
79 19 9 1 13.0 1.9381178670170216 5 4 2 3 
80 13 20 1 13.0 0.44387508961392474 1 5 3 4 
81 11 24 1 13.0 0.8425595385184803 5 2 4 3 
82 24 20 1 13.0 0.09979842688286489 4 3 1 2 
83 14 17 1 13.0 0.5147867803184378 1 3 2 5 
84 14 20 1 13.0 0.2536081629147431 5 3 2 4 
85 14 7 1 13.0 0.5122641892477464 3 2 1 5 
86 12 8 1 13.0 1.578837977403077 3 1 2 4 
87 25 19 1 13.0 1.764287367561377 2 5 4 3 
88 7 12 1 13.0 1.5168211052344593 1 3 2 5 
89 22 13 1 13.0 0.49865472728301063 4 2 1 5 
90 6 11 1 13.0 0.8939538714757445 1 2 5 4 
91 22 6 1 13.0 1.5460413524256447 5 3 2 4 
92 15 9 1 13.0 0.6359067654593809 3 5 4 2 
93 25 22 1 13.0 0.950555358876533 5 3 2 4 
94 10 25 1 13.0 0.06267230791077116 4 3 2 1 
95 24 11 1 13.0 1.2136633865196553 1 5 2 3 
96 10 21 1 13.0 1.808937440918822 5 4 2 3 
97 12 24 1 13.0 1.6681242140447083 3 4 1 2 
98 17 15 1 13.0 1.546743557786336 3 1 2 5 
99 7 10 1 13.0 0.22894909588494805 1 4 5 3 
100 14 13 1 13.0 1.5529324571496887 2 5 4 1 
101 14 17 1 13.0 1.4471857880958354 5 1 2 3 
102 15 19 1 13.0 1.69803247715278 2 5 1 4 
103 20 24 1 13.0 1.2435913230035054 5 2 1 3 
104 8 24 1 13.0 0.14762530023225517 2 5 1 4 
105 25 14 1 13.0 1.699754034333924 4 1 2 3 
106 17 9 1 13.0 0.8027937998740358 5 2 3 1 
107 14 9 1 13.0 0.5077615985815178 2 3 1 4 
108 15 6 1 13.0 1.6043980068400696 5 1 4 3 
109 20 25 1 13.0 1.269573077028232 5 1 2 3 
110 6 11 1 13.0 1.4241253939998102 3 4 5 1 
111 12 8 1 13.0 0.7011313765889029 5 2 3 4 
112 16 13 1 13.0 1.756470071196682 2 3 1 5 
113 7 19 1 13.0 0.7648575980922303 1 3 4 5 
114 21 20 1 13.0 0.18722168651355142 5 3 4 2 
115 15 16 1 13.0 0.7224428437039536 4 1 3 2 
116 23 15 1 13.0 1.4701656337298648 2 4 3 1 
117 14 10 1 13.0 1.9365219060112333 5 4 2 3 
118 9 19 1 13.0 1.4686148892698643 3 5 1 4 
119 20 13 1 13.0 1.813686271294093 3 2 4 1 
120 18 14 1 13.0 0.5793313693057311 1 3 2 5 
121 19 7 1 13.0 1.8857959403244116 3 4 5 2 
122 24 21 1 13.0 0.8702870473290036 3 5 4 1 
123 21 24 1 13.0 0.7916620630904825 3 5 1 2 
124 8 6 1 13.0 1.7547316691672565 2 1 4 3 
125 12 11 1 13.0 0.09582234181604976 2 3 4 5 
126 9 15 1 13.0 0.34772088608226004 2 3 5 4 
127 17 19 1 13.0 1.0833294360484813 1 2 5 4 
128 11 15 1 13.0 1.4621868393851125 2 3 1 4 
129 10 7 1 13.0 0.6350565782473299 1 5 4 2 
130 12 25 1 13.0 1.4299631026733985 1 2 5 3 
131 19 18 1 13.0 0.9199347997521796 4 1 2 3 
132 10 11 1 13.0 1.1549307279857643 2 3 5 1 
133 8 10 1 13.0 1.7451537293623158 5 1 3 2 
134 17 22 1 13.0 1.819557751365645 2 5 4 1 
135 6 12 1 13.0 1.1930972753089035 3 1 5 4 
136 20 6 1 13.0 1.207690806009888 2 1 5 3 
137 7 9 1 13.0 1.5951121429652593 3 4 1 2 
138 11 16 1 13.0 1.6364853500045855 5 2 3 4 
139 8 12 1 13.0 0.7946179123607267 5 2 3 1 
140 18 8 1 13.0 1.621711102903278 2 1 5 3 
141 23 11 1 13.0 1.5444528530066677 3 2 1 4 
142 6 11 1 13.0 1.0812851158710715 1 4 3 5 
143 12 15 1 13.0 1.6747242170190282 5 3 1 4 
144 20 21 1 13.0 4.147783680612527E-4 3 2 1 4 
145 18 13 1 13.0 1.6929986471523881 2 1 4 5 
146 10 20 1 13.0 1.0102484412270576 3 4 5 1 
147 24 25 1 13.0 1.6677389493485828 4 2 5 3 
148 18 17 1 13.0 0.6012476041515322 4 1 5 3 
149 19 23 1 13.0 0.9613185773459247 1 3 2 4 
150 14 20 1 13.0 1.8659239508431777 5 2 1 3 
151 13 19 1 13.0 1.7597584773487882 3 1 5 2 
152 21 10 1 13.0 0.5996377216648245 3 1 4 2 
153 13 21 1 13.0 0.0016966774957090092 4 3 2 1 
154 18 15 1 13.0 0.6301098994871546 3 4 1 2 
155 22 8 1 13.0 0.45612779029735684 1 2 5 3 
156 15 6 1 13.0 1.986011666890958 1 5 3 2 
157 14 23 1 13.0 1.2220588991423953 5 2 1 4 
158 22 18 1 13.0 0.2146259583286052 1 2 5 4 
159 24 8 1 13.0 0.0030015953280548846 3 5 1 4 
160 25 6 1 13.0 1.8677402816872426 5 1 3 2 
161 9 25 1 13.0 0.7779099499807636 2 4 5 1 
162 25 22 1 13.0 0.7807049372245054 4 2 5 3 
163 23 12 1 13.0 1.6120755315757804 5 3 1 2 
164 7 19 1 13.0 1.777761977794576 1 2 5 4 
165 16 6 1 13.0 1.2041161958572648 2 5 1 4 
166 18 10 1 13.0 0.6076994968824221 1 2 4 3 
167 20 6 1 13.0 1.9346491203699419 4 1 2 5 
168 10 13 1 13.0 1.0417278782651447 4 3 1 5 
169 20 17 1 13.0 1.8024112987166976 3 5 1 2 
170 25 15 1 13.0 0.77181313650091 1 2 4 3 
171 7 23 1 13.0 0.26093436597791997 1 5 2 3 
172 24 6 1 13.0 0.7199079889879634 2 5 4 1 
173 22 8 1 13.0 0.6499260709992005 5 2 3 1 
174 15 23 1 13.0 1.1351473597653898 1 3 2 5 
175 22 16 1 13.0 1.8478812411612466 3 1 2 4 
176 15 13 1 13.0 1.9212835653120308 3 5 2 4 
177 6 24 1 13.0 1.6991911446512016 5 3 1 4 
178 7 23 1 13.0 1.8771773230639466 1 2 3 5 
179 21 13 1 13.0 0.5456261887898921 3 5 1 4 
180 8 24 1 13.0 1.8743220819806619 2 4 1 5 
181 25 9 1 13.0 1.325900715576571 3 1 4 5 
182 16 23 1 13.0 0.8531280218866022 5 4 1 2 
183 24 21 1 13.0 1.2725079700883106 1 5 4 3 
184 12 20 1 13.0 0.28824412572680536 3 1 2 5 
185 25 6 1 13.0 1.1985800784777887 3 1 2 4 
186 7 14 1 13.0 0.23391561524739735 3 2 4 5 
187 11 19 1 13.0 1.7657148910997054 2 4 1 5 
188 14 10 1 13.0 0.9745029697899859 3 4 1 5 
189 20 19 1 13.0 1.3337114109432557 3 1 4 5 
190 12 24 1 13.0 0.8295503923912455 5 2 4 1 
191 20 17 1 13.0 1.1557067895326825 4 1 2 3 
192 21 10 1 13.0 1.91958496984302 3 2 4 5 
193 6 22 1 13.0 1.5173304794363558 3 5 4 2 
194 7 20 1 13.0 1.7084251335487401 2 4 1 3 
195 14 15 1 13.0 1.8494693083040221 3 5 2 1 
196 17 18 1 13.0 1.02507325616663 4 3 2 5 
197 16 8 1 13.0 0.3791505401877002 1 4 2 3 
198 15 18 1 13.0 0.44587876975522045 3 1 4 2 
199 14 24 1 13.0 1.1472359119421245 2 3 5 4 
200 19 10 1 13.0 0.6497166408720361 4 2 5 1 
150
150
150
150
150
36
36
36
36
36
36
36
36
36
36
36
36
36
36
36
36
36
36
36
36
0 0 0 0 0 150 150 150 150 150 150 150 150 150 150 150 150 150 150 150 150 150 150 150 150 
0 0 0 0 0 150 150 150 150 150 150 150 150 150 150 150 150 150 150 150 150 150 150 150 150 
0 0 0 0 0 150 150 150 150 150 150 150 150 150 150 150 150 150 150 150 150 150 150 150 150 
0 0 0 0 0 150 150 150 150 150 150 150 150 150 150 150 150 150 150 150 150 150 150 150 150 
0 0 0 0 0 150 150 150 150 150 150 150 150 150 150 150 150 150 150 150 150 150 150 150 150 
150 150 150 150 150 0 0 0 0 0 0 0 0 0 0 0 0 0 0 0 0 0 0 0 0 
150 150 150 150 150 0 0 0 0 0 0 0 0 0 0 0 0 0 0 0 0 0 0 0 0 
150 150 150 150 150 0 0 0 0 0 0 0 0 0 0 0 0 0 0 0 0 0 0 0 0 
150 150 150 150 150 0 0 0 0 0 0 0 0 0 0 0 0 0 0 0 0 0 0 0 0 
150 150 150 150 150 0 0 0 0 0 0 0 0 0 0 0 0 0 0 0 0 0 0 0 0 
150 150 150 150 150 0 0 0 0 0 0 0 0 0 0 0 0 0 0 0 0 0 0 0 0 
150 150 150 150 150 0 0 0 0 0 0 0 0 0 0 0 0 0 0 0 0 0 0 0 0 
150 150 150 150 150 0 0 0 0 0 0 0 0 0 0 0 0 0 0 0 0 0 0 0 0 
150 150 150 150 150 0 0 0 0 0 0 0 0 0 0 0 0 0 0 0 0 0 0 0 0 
150 150 150 150 150 0 0 0 0 0 0 0 0 0 0 0 0 0 0 0 0 0 0 0 0 
150 150 150 150 150 0 0 0 0 0 0 0 0 0 0 0 0 0 0 0 0 0 0 0 0 
150 150 150 150 150 0 0 0 0 0 0 0 0 0 0 0 0 0 0 0 0 0 0 0 0 
150 150 150 150 150 0 0 0 0 0 0 0 0 0 0 0 0 0 0 0 0 0 0 0 0 
150 150 150 150 150 0 0 0 0 0 0 0 0 0 0 0 0 0 0 0 0 0 0 0 0 
150 150 150 150 150 0 0 0 0 0 0 0 0 0 0 0 0 0 0 0 0 0 0 0 0 
150 150 150 150 150 0 0 0 0 0 0 0 0 0 0 0 0 0 0 0 0 0 0 0 0 
150 150 150 150 150 0 0 0 0 0 0 0 0 0 0 0 0 0 0 0 0 0 0 0 0 
150 150 150 150 150 0 0 0 0 0 0 0 0 0 0 0 0 0 0 0 0 0 0 0 0 
150 150 150 150 150 0 0 0 0 0 0 0 0 0 0 0 0 0 0 0 0 0 0 0 0 
150 150 150 150 150 0 0 0 0 0 0 0 0 0 0 0 0 0 0 0 0 0 0 0 0 
