5 100 24 80
14.34 2;15.3 1;24.14 2;16.76 3;4.49 2;
1 10 13 1 13.0 1.265804105731388 3 4 2 5 
2 8 14 1 13.0 0.5010010246690071 1 2 4 3 
3 22 17 1 13.0 0.8316157405256386 5 3 1 4 
4 22 11 1 13.0 0.3806185528046062 5 1 4 3 
5 15 6 1 13.0 1.9977690203603413 4 1 2 3 
6 18 8 1 13.0 0.9543851420416019 5 4 2 1 
7 10 14 1 13.0 0.14908634909293528 2 3 1 4 
8 21 19 1 13.0 1.169241397860051 3 4 1 2 
9 14 17 1 13.0 0.9919317003959711 4 3 5 2 
10 21 20 1 13.0 0.7604722751014503 2 3 4 1 
11 5 16 1 13.0 1.7718152009125396 2 1 4 3 
12 5 14 1 13.0 1.2634836279779869 2 5 3 4 
13 14 5 1 13.0 0.14041670997961142 1 3 4 2 
14 6 7 1 13.0 0.21638354711947771 3 2 4 5 
15 19 10 1 13.0 1.442459112248999 4 1 5 2 
16 10 23 1 13.0 1.6134525143378595 1 3 2 4 
17 18 20 1 13.0 1.1179050587513362 4 2 5 3 
18 14 7 1 13.0 1.2734288804766132 2 1 3 5 
19 14 6 1 13.0 1.8445652382204774 2 4 5 3 
20 20 18 1 13.0 0.5718675897557413 2 5 4 3 
21 21 16 1 13.0 1.1638130869987102 1 4 3 2 
22 10 13 1 13.0 0.26333037432173323 1 3 5 4 
23 14 18 1 13.0 1.7771575339455994 1 4 2 5 
24 19 20 1 13.0 0.08375613948885818 4 3 5 2 
25 23 19 1 13.0 1.5113359873831647 4 3 1 2 
26 6 8 1 13.0 1.5513701913165128 2 5 3 4 
27 20 13 1 13.0 0.7158640330100157 1 5 3 4 
28 13 24 1 13.0 1.2900557969366448 2 4 3 5 
29 13 22 1 13.0 1.056096945435966 2 3 1 5 
30 6 5 1 13.0 0.3438222693403008 4 2 5 3 
31 13 9 1 13.0 1.8791346352376874 2 1 4 5 
32 6 19 1 13.0 1.6116500383236974 5 2 3 1 
33 8 18 1 13.0 0.18403777376421782 2 4 5 3 
34 22 12 1 13.0 1.3601359090252654 3 5 1 2 
35 20 13 1 13.0 1.997173664416971 4 3 5 1 
36 12 22 1 13.0 0.7590339597251821 4 3 1 5 
37 13 6 1 13.0 0.9521694892614956 1 5 3 4 
38 21 24 1 13.0 1.0499244174934088 3 1 2 5 
39 10 20 1 13.0 0.31549396213266334 2 3 5 4 
40 24 12 1 13.0 0.4316787913774527 3 4 2 1 
41 13 23 1 13.0 0.3276278782448514 4 3 5 1 
42 18 9 1 13.0 1.3202206066363678 5 1 2 3 
43 17 20 1 13.0 1.2787355169832566 2 3 5 1 
44 18 23 1 13.0 1.9375568145526947 1 5 2 3 
45 14 15 1 13.0 0.25878105553988084 3 2 5 1 
46 21 11 1 13.0 0.2265651643327622 5 1 3 4 
47 19 18 1 13.0 0.6438519221192096 2 3 1 5 
48 6 16 1 13.0 1.718365975277026 3 1 4 5 
49 12 6 1 13.0 0.22029079038720956 2 5 1 3 
50 17 6 1 13.0 1.1938804611218197 5 3 1 4 
51 16 9 1 13.0 1.4623119865574288 3 5 2 1 
52 12 24 1 13.0 1.4086967038773168 2 4 3 1 
53 6 21 1 13.0 1.9525997989687476 3 1 4 2 
54 6 15 1 13.0 1.994671937587405 4 1 3 5 
55 9 14 1 13.0 1.301313893686673 3 2 1 4 
56 14 11 1 13.0 0.5633622321856648 1 2 4 3 
57 8 15 1 13.0 0.05102909923994847 2 3 4 1 
58 17 19 1 13.0 0.46755713545447963 4 3 1 5 
59 5 16 1 13.0 0.12968091853962527 5 2 1 4 
60 13 15 1 13.0 0.18106209114184169 1 5 2 3 
61 20 19 1 13.0 1.6004072435247032 5 1 2 4 
62 12 21 1 13.0 1.990517237055326 4 1 3 5 
63 13 16 1 13.0 1.7392663495575713 4 2 5 3 
64 18 10 1 13.0 0.8878874408008632 1 5 2 4 
65 24 16 1 13.0 1.8483625770071899 5 3 2 1 
66 24 21 1 13.0 1.6063559480834524 2 5 1 3 
67 5 16 1 13.0 1.1549992019772921 5 2 1 3 
68 15 18 1 13.0 0.45641567492961665 3 2 1 5 
69 18 23 1 13.0 1.0536410611644171 1 5 3 2 
70 16 23 1 13.0 0.14036367169576947 2 4 3 1 
71 7 21 1 13.0 0.13912588618181676 1 3 2 5 
72 17 9 1 13.0 1.4318542652126431 2 1 3 5 
73 18 5 1 13.0 0.7136394421943173 3 4 5 1 
74 19 6 1 13.0 1.0138539475807438 2 5 3 1 
75 10 23 1 13.0 1.681945659597277 3 4 1 2 
76 14 18 1 13.0 1.987175415954271 5 2 4 3 
77 12 17 1 13.0 1.2789862923002193 2 5 4 3 
78 7 14 1 13.0 1.195623454821965 1 5 2 4 
79 14 24 1 13.0 0.4663486125715526 1 3 2 5 
80 17 18 1 13.0 0.32496735187041126 5 1 3 2 
81 12 7 1 13.0 0.3734571312367041 2 5 4 3 
82 24 6 1 13.0 1.5544041091225818 2 5 3 4 
83 23 7 1 13.0 1.3310232559647381 1 2 5 4 
84 7 21 1 13.0 1.5297279672792787 2 1 4 3 
85 7 16 1 13.0 0.8287898146798798 2 5 1 4 
86 9 23 1 13.0 1.8779979432473903 4 1 3 2 
87 14 13 1 13.0 0.4184824886789409 3 4 2 1 
88 21 5 1 13.0 1.2658267719022034 3 1 5 4 
89 12 13 1 13.0 1.8763737660119406 5 2 3 1 
90 9 10 1 13.0 0.7716208093495214 4 3 1 2 
91 17 5 1 13.0 1.2533457128567358 4 3 1 5 
92 16 5 1 13.0 0.3123725715667889 4 3 2 1 
93 7 5 1 13.0 0.27570825020560985 2 5 1 4 
94 7 18 1 13.0 1.5396176842316296 4 2 1 5 
95 15 8 1 13.0 0.16238642203343834 3 2 1 4 
96 15 23 1 13.0 0.7514068829547229 5 4 2 1 
97 24 10 1 13.0 1.5093114233780554 5 1 2 3 
98 10 16 1 13.0 0.16384409718670545 3 4 2 5 
99 12 14 1 13.0 1.36741836605443 4 5 2 1 
100 20 8 1 13.0 1.9372454827927628 1 4 3 5 
150
150
150
150
36
36
36
36
36
36
36
36
36
36
36
36
36
36
36
36
36
36
36
36
0 0 0 0 150 150 150 150 150 150 150 150 150 150 150 150 150 150 150 150 150 150 150 150 
0 0 0 0 150 150 150 150 150 150 150 150 150 150 150 150 150 150 150 150 150 150 150 150 
0 0 0 0 150 150 150 150 150 150 150 150 150 150 150 150 150 150 150 150 150 150 150 150 
0 0 0 0 150 150 150 150 150 150 150 150 150 150 150 150 150 150 150 150 150 150 150 150 
150 150 150 150 0 0 0 0 0 0 0 0 0 0 0 0 0 0 0 0 0 0 0 0 
150 150 150 150 0 0 0 0 0 0 0 0 0 0 0 0 0 0 0 0 0 0 0 0 
150 150 150 150 0 0 0 0 0 0 0 0 0 0 0 0 0 0 0 0 0 0 0 0 
150 150 150 150 0 0 0 0 0 0 0 0 0 0 0 0 0 0 0 0 0 0 0 0 
150 150 150 150 0 0 0 0 0 0 0 0 0 0 0 0 0 0 0 0 0 0 0 0 
150 150 150 150 0 0 0 0 0 0 0 0 0 0 0 0 0 0 0 0 0 0 0 0 
150 150 150 150 0 0 0 0 0 0 0 0 0 0 0 0 0 0 0 0 0 0 0 0 
150 150 150 150 0 0 0 0 0 0 0 0 0 0 0 0 0 0 0 0 0 0 0 0 
150 150 150 150 0 0 0 0 0 0 0 0 0 0 0 0 0 0 0 0 0 0 0 0 
150 150 150 150 0 0 0 0 0 0 0 0 0 0 0 0 0 0 0 0 0 0 0 0 
150 150 150 150 0 0 0 0 0 0 0 0 0 0 0 0 0 0 0 0 0 0 0 0 
150 150 150 150 0 0 0 0 0 0 0 0 0 0 0 0 0 0 0 0 0 0 0 0 
150 150 150 150 0 0 0 0 0 0 0 0 0 0 0 0 0 0 0 0 0 0 0 0 
150 150 150 150 0 0 0 0 0 0 0 0 0 0 0 0 0 0 0 0 0 0 0 0 
150 150 150 150 0 0 0 0 0 0 0 0 0 0 0 0 0 0 0 0 0 0 0 0 
150 150 150 150 0 0 0 0 0 0 0 0 0 0 0 0 0 0 0 0 0 0 0 0 
150 150 150 150 0 0 0 0 0 0 0 0 0 0 0 0 0 0 0 0 0 0 0 0 
150 150 150 150 0 0 0 0 0 0 0 0 0 0 0 0 0 0 0 0 0 0 0 0 
150 150 150 150 0 0 0 0 0 0 0 0 0 0 0 0 0 0 0 0 0 0 0 0 
150 150 150 150 0 0 0 0 0 0 0 0 0 0 0 0 0 0 0 0 0 0 0 0 
