5 200 24 80
15.2 3;8.91 1;11.34 3;2.9 3;9.09 1;
1 20 10 1 13.0 0.44645564446564245 5 1 4 2 
2 13 17 1 13.0 0.6250421004409461 2 5 1 4 
3 17 11 1 13.0 0.8015705695635129 1 3 5 4 
4 20 12 1 13.0 1.0694136249642452 4 1 3 5 
5 11 14 1 13.0 1.733622342640411 1 5 4 2 
6 22 9 1 13.0 1.7575355394018128 4 3 5 1 
7 15 6 1 13.0 1.9709477628988445 1 4 2 5 
8 9 19 1 13.0 0.516951252135688 3 4 1 2 
9 10 13 1 13.0 0.6387208388748089 1 2 5 4 
10 19 15 1 13.0 1.9648990277824459 4 3 1 2 
11 10 9 1 13.0 0.0919911511963869 3 1 2 5 
12 13 24 1 13.0 0.7675282010016276 4 1 2 5 
13 19 9 1 13.0 0.6961429527424696 3 2 5 1 
14 5 18 1 13.0 0.8222102654425449 5 1 2 3 
15 6 23 1 13.0 0.506094238518074 5 3 4 1 
16 19 8 1 13.0 1.9485757719032673 1 2 3 4 
17 5 15 1 13.0 0.5938418213544179 3 2 1 5 
18 17 16 1 13.0 1.1545557472444126 1 2 4 3 
19 11 6 1 13.0 0.9750217979328162 5 4 1 2 
20 22 5 1 13.0 1.9246775674277277 4 1 2 3 
21 13 14 1 13.0 0.9943547296164588 2 5 1 3 
22 19 24 1 13.0 1.3474379634804805 5 3 1 2 
23 5 12 1 13.0 0.8537614876174837 3 4 1 2 
24 12 7 1 13.0 1.2278614761546354 3 5 4 2 
25 11 21 1 13.0 0.9402345391080749 2 1 5 4 
26 15 5 1 13.0 0.9620637246433108 2 3 4 5 
27 10 15 1 13.0 0.24914314557418127 3 5 2 1 
28 7 8 1 13.0 1.8432771212573738 3 5 1 4 
29 15 16 1 13.0 0.736271140335296 4 2 5 3 
30 22 6 1 13.0 0.9101695865848365 4 1 3 5 
31 22 9 1 13.0 1.3079565866534175 5 4 3 2 
32 5 20 1 13.0 0.753772739288971 1 4 2 3 
33 7 19 1 13.0 1.8336795928454588 1 3 2 4 
34 14 16 1 13.0 0.8467750056045147 1 2 3 5 
35 18 17 1 13.0 0.8357791395493246 5 4 2 1 
36 5 13 1 13.0 1.177287762762888 4 5 2 1 
37 11 7 1 13.0 1.5529879309438477 2 5 3 1 
38 10 21 1 13.0 1.500087575486729 3 2 1 5 
39 21 18 1 13.0 0.41459815340774897 2 3 1 5 
40 17 13 1 13.0 1.0446447838557187 5 2 4 3 
41 9 22 1 13.0 0.2031915776463329 2 5 1 4 
42 14 12 1 13.0 1.581413095166931 1 4 3 2 
43 17 19 1 13.0 0.6102034971067674 2 1 5 4 
44 5 13 1 13.0 0.9783414099700003 4 1 5 3 
45 10 21 1 13.0 1.0457397331878695 5 3 4 2 
46 13 19 1 13.0 1.3589525436919272 3 4 5 2 
47 21 12 1 13.0 0.6869450764806819 3 4 5 2 
48 15 19 1 13.0 0.3112958384894611 4 3 5 2 
49 13 12 1 13.0 1.8099863000799015 5 3 4 2 
50 20 12 1 13.0 0.3814267717776938 1 5 4 2 
51 20 10 1 13.0 1.155443951849778 2 4 5 1 
52 15 14 1 13.0 1.14206864854965 2 4 1 3 
53 20 16 1 13.0 0.7307230513702654 1 5 4 3 
54 15 24 1 13.0 1.4902539378348072 4 2 3 5 
55 24 9 1 13.0 1.9954846120122098 2 5 3 4 
56 8 6 1 13.0 0.1956722821234289 1 4 2 5 
57 8 6 1 13.0 1.8309915302975346 1 5 3 4 
58 18 11 1 13.0 0.6245726382083874 5 2 1 4 
59 18 15 1 13.0 0.9082740786540935 1 2 5 4 
60 20 21 1 13.0 0.9467276157178355 5 3 1 4 
61 5 21 1 13.0 1.9799840687906487 2 1 3 4 
62 5 10 1 13.0 0.2407732118715067 2 1 3 4 
63 10 24 1 13.0 0.8733400895998578 3 2 5 1 
64 8 14 1 13.0 1.8048790179008491 2 5 3 4 
65 8 24 1 13.0 0.14599974848275687 3 5 2 4 
66 24 11 1 13.0 1.0879034813770503 5 4 1 3 
67 13 20 1 13.0 0.916800675671205 4 2 5 1 
68 21 12 1 13.0 1.389368666267462 5 3 2 4 
69 22 18 1 13.0 0.40359424605906735 4 5 1 3 
70 18 13 1 13.0 0.8801251062465028 1 3 5 4 
71 7 20 1 13.0 1.7872944520698149 2 1 4 5 
72 14 16 1 13.0 0.5290725058435897 3 5 4 2 
73 19 23 1 13.0 1.242171790169385 5 1 4 3 
74 24 9 1 13.0 1.2673160974672302 3 1 4 5 
75 8 16 1 13.0 1.1985240259309617 2 5 3 1 
76 6 12 1 13.0 0.2689906526643062 2 4 5 3 
77 22 18 1 13.0 1.8694673448424177 4 2 3 5 
78 20 21 1 13.0 0.3980497778210299 5 2 1 3 
79 9 19 1 13.0 1.0038972368536243 4 2 3 1 
80 8 18 1 13.0 1.1427061135003578 3 1 2 4 
81 8 17 1 13.0 1.0392292148339481 4 2 1 5 
82 10 24 1 13.0 0.35340918293145585 1 5 4 2 
83 5 20 1 13.0 0.17796826131765653 5 1 2 3 
84 18 21 1 13.0 1.1294421909000538 2 5 4 3 
85 20 5 1 13.0 1.0635827905334254 4 3 2 5 
86 13 23 1 13.0 0.01512258585603421 4 5 3 1 
87 17 11 1 13.0 1.1344367685567156 4 3 1 2 
88 13 8 1 13.0 0.6379564136609452 1 5 3 4 
89 14 16 1 13.0 0.3043725716772614 1 3 2 5 
90 8 7 1 13.0 0.5481678993293735 1 5 3 4 
91 21 20 1 13.0 1.7278962241764293 3 5 2 4 
92 23 16 1 13.0 0.62329229036532 3 4 2 1 
93 14 20 1 13.0 1.8239568354435594 3 4 2 5 
94 23 13 1 13.0 1.8403263032803936 4 1 5 3 
95 13 8 1 13.0 0.5723241204651306 1 3 2 5 
96 17 19 1 13.0 1.7578779763867036 4 3 1 2 
97 13 9 1 13.0 0.4419588564886927 3 2 1 4 
98 12 17 1 13.0 1.9039370650824665 3 2 4 1 
99 7 11 1 13.0 1.3415352909909957 2 4 5 1 
100 12 14 1 13.0 0.16613438247428758 2 4 5 1 
101 21 5 1 13.0 1.7508211652106658 2 3 1 4 
102 17 20 1 13.0 0.2564855957093406 1 5 3 2 
103 24 23 1 13.0 0.26904340779312563 1 2 5 4 
104 15 10 1 13.0 0.3614647590786977 5 3 1 4 
105 13 9 1 13.0 0.5841727831456018 1 4 2 3 
106 18 16 1 13.0 1.1905360811837467 1 3 4 5 
107 19 22 1 13.0 0.6240851579856084 1 2 5 4 
108 22 15 1 13.0 0.849349670078867 2 1 5 4 
109 11 5 1 13.0 1.2046472894214761 1 2 5 3 
110 23 8 1 13.0 1.8790196680920763 1 3 4 5 
111 22 23 1 13.0 0.0029241218312561212 2 4 3 1 
112 7 18 1 13.0 0.5231118341902188 1 3 5 2 
113 8 22 1 13.0 0.13031289284612568 1 5 3 2 
114 8 18 1 13.0 0.2943341536126167 3 5 1 4 
115 17 21 1 13.0 1.3245396867636756 4 2 1 5 
116 9 7 1 13.0 1.5733577351346772 4 3 5 1 
117 18 10 1 13.0 1.3809476289416092 5 2 1 3 
118 5 24 1 13.0 1.1932677423006002 1 3 4 5 
119 8 5 1 13.0 0.5008702827151397 1 5 2 3 
120 8 16 1 13.0 1.6766596659296682 3 1 2 4 
121 22 7 1 13.0 0.3118533372583643 2 4 3 1 
122 24 11 1 13.0 1.2506539975786224 4 2 1 5 
123 24 12 1 13.0 1.900266298593828 3 1 2 5 
124 15 18 1 13.0 1.6157702978949016 5 3 2 1 
125 16 14 1 13.0 0.08216366350955462 5 2 4 1 
126 10 18 1 13.0 0.6685650472562108 2 5 4 3 
127 17 6 1 13.0 1.3769283943465809 4 3 2 5 
128 5 24 1 13.0 1.6685033280201078 3 5 1 4 
129 22 20 1 13.0 0.35798792475030194 2 1 4 3 
130 15 23 1 13.0 0.8447457407701606 3 5 2 4 
131 20 14 1 13.0 1.6721454488473904 5 1 3 2 
132 6 20 1 13.0 0.3288684612474979 4 5 1 2 
133 19 7 1 13.0 1.5591807302109861 4 2 3 5 
134 11 8 1 13.0 0.0013631605137049974 1 4 5 2 
135 21 17 1 13.0 0.15274979643044717 1 4 5 3 
136 19 22 1 13.0 1.536741822603178 5 4 1 2 
137 17 8 1 13.0 0.669730668077869 1 5 2 4 
138 6 15 1 13.0 1.370743648407698 5 1 2 4 
139 7 16 1 13.0 0.23114923401889453 4 1 3 2 
140 17 22 1 13.0 1.4820486606075005 4 3 2 5 
141 10 6 1 13.0 0.05093997899410052 3 1 5 2 
142 6 15 1 13.0 1.8876733595402604 5 3 2 1 
143 6 8 1 13.0 0.585824338906541 2 1 4 5 
144 17 24 1 13.0 0.45872146821669557 1 3 2 4 
145 23 17 1 13.0 1.1885804492705954 2 4 5 1 
146 8 22 1 13.0 0.2520769807618395 5 1 2 4 
147 8 23 1 13.0 0.5813923920447877 1 2 3 4 
148 20 16 1 13.0 1.094438154145884 4 2 3 1 
149 14 16 1 13.0 1.4495619188100592 1 3 2 5 
150 14 24 1 13.0 0.07672667857767657 5 3 2 1 
151 21 19 1 13.0 0.08595696720240431 3 5 4 1 
152 20 22 1 13.0 0.1778479974475844 5 2 4 3 
153 24 12 1 13.0 0.4840239066377017 4 2 5 1 
154 12 15 1 13.0 1.6219599582291038 2 5 4 3 
155 9 19 1 13.0 1.0005886323230224 2 4 1 5 
156 17 20 1 13.0 0.43098888503678956 1 4 3 2 
157 7 12 1 13.0 1.1085267864273163 1 4 5 2 
158 15 21 1 13.0 1.8405262795501263 4 3 2 1 
159 14 11 1 13.0 1.610198332859805 4 3 5 1 
160 8 21 1 13.0 0.30311096626558487 3 1 4 5 
161 9 6 1 13.0 0.11656966482452868 2 5 3 4 
162 22 19 1 13.0 1.543441222951665 1 4 5 2 
163 10 8 1 13.0 0.9063544539593169 5 4 2 3 
164 24 19 1 13.0 1.4697125102192679 5 2 3 1 
165 13 19 1 13.0 1.7504655338419424 2 1 4 3 
166 23 5 1 13.0 0.6280791831081629 3 1 5 4 
167 9 6 1 13.0 0.425984517895609 3 5 1 2 
168 14 22 1 13.0 0.9993640630572997 1 5 4 2 
169 14 23 1 13.0 1.301833382171792 3 2 4 5 
170 13 18 1 13.0 0.6445336082431761 5 4 3 2 
171 11 22 1 13.0 1.1123774593710405 2 5 1 3 
172 11 9 1 13.0 1.47480771867052 2 3 5 4 
173 23 9 1 13.0 0.029648677863703288 4 5 1 2 
174 17 10 1 13.0 1.1138708469674827 1 3 5 4 
175 22 13 1 13.0 0.14797515855507593 2 3 5 4 
176 5 16 1 13.0 0.8536873414298112 2 1 5 3 
177 6 7 1 13.0 0.6198293432431012 4 5 2 1 
178 10 7 1 13.0 0.4255624996785292 3 5 2 1 
179 18 24 1 13.0 0.9327009912040554 1 3 2 4 
180 19 13 1 13.0 0.40905435752009667 2 5 3 4 
181 15 16 1 13.0 0.6456005598376044 2 5 1 3 
182 16 23 1 13.0 0.0687666690062505 1 2 5 4 
183 16 23 1 13.0 1.4872976171320504 5 3 1 4 
184 20 18 1 13.0 1.8059758660662881 4 2 3 1 
185 12 20 1 13.0 1.2586560611395596 1 2 4 3 
186 18 22 1 13.0 0.438292181414192 1 5 2 3 
187 5 20 1 13.0 1.813735166577872 5 3 4 1 
188 16 21 1 13.0 0.5576254925174347 5 1 3 2 
189 19 11 1 13.0 0.25927769419267954 2 4 5 3 
190 23 20 1 13.0 1.961771112943714 4 5 2 1 
191 15 7 1 13.0 0.2999163753348446 4 3 5 2 
192 15 9 1 13.0 0.6970413831495532 1 3 4 5 
193 12 17 1 13.0 1.73760945619615 4 3 5 2 
194 24 10 1 13.0 1.5013026195241754 3 4 1 2 
195 21 15 1 13.0 1.2669773793876726 1 4 5 2 
196 22 13 1 13.0 1.50696788598964 4 2 1 5 
197 13 24 1 13.0 1.9088615113693965 2 1 4 3 
198 16 21 1 13.0 1.021845608835143 5 2 1 4 
199 21 15 1 13.0 1.143528504415097 1 2 3 4 
200 10 14 1 13.0 0.853700023020161 3 1 4 5 
150
150
150
150
36
36
36
36
36
36
36
36
36
36
36
36
36
36
36
36
36
36
36
36
0 0 0 0 150 150 150 150 150 150 150 150 150 150 150 150 150 150 150 150 150 150 150 150 
0 0 0 0 150 150 150 150 150 150 150 150 150 150 150 150 150 150 150 150 150 150 150 150 
0 0 0 0 150 150 150 150 150 150 150 150 150 150 150 150 150 150 150 150 150 150 150 150 
0 0 0 0 150 150 150 150 150 150 150 150 150 150 150 150 150 150 150 150 150 150 150 150 
150 150 150 150 0 0 0 0 0 0 0 0 0 0 0 0 0 0 0 0 0 0 0 0 
150 150 150 150 0 0 0 0 0 0 0 0 0 0 0 0 0 0 0 0 0 0 0 0 
150 150 150 150 0 0 0 0 0 0 0 0 0 0 0 0 0 0 0 0 0 0 0 0 
150 150 150 150 0 0 0 0 0 0 0 0 0 0 0 0 0 0 0 0 0 0 0 0 
150 150 150 150 0 0 0 0 0 0 0 0 0 0 0 0 0 0 0 0 0 0 0 0 
150 150 150 150 0 0 0 0 0 0 0 0 0 0 0 0 0 0 0 0 0 0 0 0 
150 150 150 150 0 0 0 0 0 0 0 0 0 0 0 0 0 0 0 0 0 0 0 0 
150 150 150 150 0 0 0 0 0 0 0 0 0 0 0 0 0 0 0 0 0 0 0 0 
150 150 150 150 0 0 0 0 0 0 0 0 0 0 0 0 0 0 0 0 0 0 0 0 
150 150 150 150 0 0 0 0 0 0 0 0 0 0 0 0 0 0 0 0 0 0 0 0 
150 150 150 150 0 0 0 0 0 0 0 0 0 0 0 0 0 0 0 0 0 0 0 0 
150 150 150 150 0 0 0 0 0 0 0 0 0 0 0 0 0 0 0 0 0 0 0 0 
150 150 150 150 0 0 0 0 0 0 0 0 0 0 0 0 0 0 0 0 0 0 0 0 
150 150 150 150 0 0 0 0 0 0 0 0 0 0 0 0 0 0 0 0 0 0 0 0 
150 150 150 150 0 0 0 0 0 0 0 0 0 0 0 0 0 0 0 0 0 0 0 0 
150 150 150 150 0 0 0 0 0 0 0 0 0 0 0 0 0 0 0 0 0 0 0 0 
150 150 150 150 0 0 0 0 0 0 0 0 0 0 0 0 0 0 0 0 0 0 0 0 
150 150 150 150 0 0 0 0 0 0 0 0 0 0 0 0 0 0 0 0 0 0 0 0 
150 150 150 150 0 0 0 0 0 0 0 0 0 0 0 0 0 0 0 0 0 0 0 0 
150 150 150 150 0 0 0 0 0 0 0 0 0 0 0 0 0 0 0 0 0 0 0 0 
