5 200 26 120
17.54 3;4.79 1;7.79 1;20.68 1;17.37 3;
1 17 18 1 13.0 0.41637205217703155 3 1 4 5 
2 26 10 1 13.0 0.6907752946672951 1 5 2 3 
3 21 19 1 13.0 0.4442761239053459 5 1 2 4 
4 17 7 1 13.0 1.4926766119057844 3 2 5 4 
5 22 15 1 13.0 1.978165376656676 3 1 4 5 
6 20 11 1 13.0 1.8583319421046052 4 1 3 2 
7 16 11 1 13.0 1.5210266788080593 5 1 3 2 
8 24 8 1 13.0 1.8175657164800538 3 2 4 1 
9 9 15 1 13.0 0.5568239822511114 2 5 4 1 
10 22 25 1 13.0 1.020905407917828 5 1 3 2 
11 21 12 1 13.0 0.17628158014258344 5 2 3 4 
12 12 18 1 13.0 1.4473529018214466 4 5 3 2 
13 17 14 1 13.0 0.6297917943644786 3 4 5 2 
14 26 15 1 13.0 1.3975560641392792 1 2 5 3 
15 23 12 1 13.0 0.10498288278904089 2 1 4 5 
16 9 10 1 13.0 0.32209989751417223 3 4 5 1 
17 21 23 1 13.0 1.7132269508689828 1 3 4 5 
18 20 18 1 13.0 1.6065612445948019 3 5 4 1 
19 24 17 1 13.0 1.3817150899184458 2 5 4 3 
20 13 18 1 13.0 1.444075622686255 4 5 3 2 
21 8 10 1 13.0 0.49847621514029505 3 2 5 1 
22 22 11 1 13.0 1.6329136850842532 2 4 1 5 
23 9 10 1 13.0 0.8524082810947644 2 5 3 1 
24 20 7 1 13.0 1.137822081444771 5 3 4 2 
25 9 12 1 13.0 0.008394133038205576 4 2 1 5 
26 11 7 1 13.0 1.216769750176428 5 4 2 1 
27 12 11 1 13.0 0.22056634734178426 1 4 5 2 
28 24 20 1 13.0 8.281502037752464E-4 3 4 2 5 
29 23 18 1 13.0 0.5570326676113317 2 4 3 1 
30 14 12 1 13.0 0.5965428313407093 4 2 3 1 
31 24 18 1 13.0 0.7058316082200942 2 1 5 3 
32 23 17 1 13.0 1.192876174013192 5 4 1 3 
33 16 14 1 13.0 1.8577650301708617 2 4 1 5 
34 16 21 1 13.0 0.642164839826272 5 1 2 4 
35 8 26 1 13.0 1.6257490771663192 2 1 5 3 
36 10 26 1 13.0 1.190668073253386 1 2 4 5 
37 16 15 1 13.0 1.3915055703074897 4 3 1 2 
38 7 9 1 13.0 0.7672918271437532 2 4 3 5 
39 13 25 1 13.0 1.7341006049933756 2 1 4 3 
40 22 9 1 13.0 0.3452186024434869 5 3 4 1 
41 14 19 1 13.0 0.8994367961893011 2 5 3 4 
42 25 11 1 13.0 0.08541148284073352 5 4 3 2 
43 14 20 1 13.0 0.6447500639061206 2 4 5 3 
44 26 18 1 13.0 1.6210389773905123 2 3 4 1 
45 19 26 1 13.0 0.1162939473598057 3 5 4 2 
46 11 13 1 13.0 1.9111446647933457 4 5 3 1 
47 11 13 1 13.0 1.5535717443331538 3 1 2 4 
48 25 11 1 13.0 1.5958929776246775 3 4 2 1 
49 26 18 1 13.0 0.13693505118462768 1 4 5 2 
50 24 19 1 13.0 1.6607961317644986 2 4 3 5 
51 26 16 1 13.0 1.481036279736754 2 1 3 5 
52 19 10 1 13.0 0.02891772781898161 3 1 5 2 
53 26 23 1 13.0 1.4552832644299463 5 4 2 1 
54 9 11 1 13.0 0.30729648427768885 1 2 4 5 
55 22 16 1 13.0 0.6383284212942424 3 5 2 1 
56 19 14 1 13.0 1.7210782543745018 4 5 3 2 
57 24 13 1 13.0 0.11339093208765938 5 1 4 2 
58 24 16 1 13.0 0.41495828290518944 5 1 4 3 
59 12 8 1 13.0 1.0438105491108083 4 3 1 2 
60 26 18 1 13.0 1.4552225002192218 3 2 1 4 
61 16 11 1 13.0 1.4011577730511178 4 1 3 5 
62 19 11 1 13.0 1.6078132901139854 3 5 2 4 
63 7 22 1 13.0 1.5294945617120776 4 1 5 2 
64 7 25 1 13.0 1.4013774002401929 1 5 4 2 
65 11 7 1 13.0 0.5354853987062476 5 4 3 2 
66 17 20 1 13.0 1.3952481909457188 2 3 4 5 
67 18 23 1 13.0 1.2672539152021542 5 3 4 2 
68 11 14 1 13.0 1.8198370143986877 3 4 5 2 
69 26 11 1 13.0 0.4619385161625358 1 3 2 4 
70 23 14 1 13.0 1.5944523121825778 5 2 3 4 
71 9 8 1 13.0 0.7988400196338026 5 1 2 3 
72 10 23 1 13.0 1.1865215106297615 5 1 3 4 
73 14 26 1 13.0 0.19624887799265833 5 4 1 3 
74 15 24 1 13.0 0.2333829054093124 2 3 1 4 
75 26 9 1 13.0 1.922233931122743 5 3 1 4 
76 10 20 1 13.0 1.9435933388357076 4 3 5 2 
77 11 14 1 13.0 0.1412997380474259 2 3 1 5 
78 21 13 1 13.0 0.9075563932064719 5 4 2 1 
79 13 12 1 13.0 1.5978968316915656 5 4 2 3 
80 11 21 1 13.0 1.86259690186732 4 1 5 2 
81 18 22 1 13.0 0.7193394705665426 2 1 4 3 
82 17 7 1 13.0 0.006737677503479533 2 1 5 4 
83 22 8 1 13.0 0.4484311528295044 3 1 2 4 
84 26 23 1 13.0 1.836606660574692 1 5 2 3 
85 23 21 1 13.0 0.823764901502523 1 5 4 3 
86 11 19 1 13.0 1.5311759451327427 4 5 2 1 
87 21 11 1 13.0 1.0967092938851632 5 2 4 3 
88 26 25 1 13.0 1.6375808590224525 1 2 5 3 
89 18 13 1 13.0 0.41055706281940996 1 3 2 4 
90 21 13 1 13.0 1.1175812799609923 2 5 4 1 
91 9 22 1 13.0 0.4769053910991632 5 1 2 4 
92 11 13 1 13.0 1.279183096327938 2 4 3 5 
93 22 10 1 13.0 0.5624089183892793 3 1 5 2 
94 22 14 1 13.0 0.969604979997557 5 3 4 1 
95 14 18 1 13.0 1.4002682028686249 4 1 5 3 
96 12 26 1 13.0 0.6261968705488674 2 5 3 1 
97 14 26 1 13.0 0.08828730571644838 1 3 4 5 
98 19 25 1 13.0 0.2975635997355297 3 5 4 2 
99 10 15 1 13.0 0.7025733607206361 3 2 1 5 
100 10 9 1 13.0 1.7283223533488346 1 5 3 2 
101 23 15 1 13.0 1.7895398658299957 4 1 3 5 
102 13 8 1 13.0 1.674575836693246 3 2 1 4 
103 24 26 1 13.0 1.9886757701182574 3 5 4 2 
104 11 19 1 13.0 1.0863763592756308 3 4 1 5 
105 9 11 1 13.0 1.2775013466084992 3 5 1 4 
106 15 24 1 13.0 0.7849955714524415 3 1 4 5 
107 23 21 1 13.0 0.6625519819426948 4 2 1 5 
108 22 9 1 13.0 0.4156286903783861 5 1 4 2 
109 23 14 1 13.0 1.3353656996826282 2 3 4 5 
110 21 16 1 13.0 1.0232785810504592 2 1 5 4 
111 8 15 1 13.0 0.3131902848791892 5 4 2 1 
112 19 10 1 13.0 1.9054525605327224 5 4 2 1 
113 11 15 1 13.0 1.3215376788846243 3 1 4 2 
114 17 23 1 13.0 1.695736981423423 4 3 5 2 
115 24 22 1 13.0 1.792403252695302 4 3 1 5 
116 23 9 1 13.0 0.07160511320118923 4 1 2 3 
117 11 18 1 13.0 0.8270893166666764 4 2 5 3 
118 22 16 1 13.0 0.23252600042072658 1 3 4 2 
119 16 12 1 13.0 1.3911757235506892 2 4 5 1 
120 17 9 1 13.0 1.8274637025139286 1 3 5 2 
121 15 7 1 13.0 0.12887243552557526 4 5 3 1 
122 20 9 1 13.0 0.573220147868271 2 3 4 1 
123 8 19 1 13.0 1.188241756897836 2 3 4 1 
124 7 18 1 13.0 0.5096025747378925 1 4 3 5 
125 26 22 1 13.0 1.7319020524334532 4 2 5 1 
126 20 7 1 13.0 1.759705720259763 1 5 2 4 
127 24 7 1 13.0 0.5708276387795037 5 3 2 1 
128 25 13 1 13.0 1.8139280568598417 5 2 3 4 
129 20 8 1 13.0 1.5696476839615414 4 1 2 3 
130 14 24 1 13.0 1.9169607827779116 5 3 2 4 
131 11 7 1 13.0 0.8013576525836497 3 2 5 1 
132 15 11 1 13.0 0.3410227883687029 4 1 3 2 
133 8 25 1 13.0 1.3791656526894163 5 2 3 4 
134 21 7 1 13.0 1.5580026938583256 2 1 5 4 
135 17 9 1 13.0 0.2388635130637986 5 4 2 1 
136 11 8 1 13.0 0.9167149469662674 5 1 2 4 
137 17 10 1 13.0 1.2851359145005836 2 3 1 4 
138 21 26 1 13.0 1.3959465429125966 2 5 4 1 
139 19 23 1 13.0 1.4150469362660294 3 2 4 1 
140 24 17 1 13.0 0.6177880276563172 2 1 4 5 
141 20 7 1 13.0 0.3019717942873412 1 3 4 2 
142 25 18 1 13.0 0.3574086365308078 1 2 4 3 
143 25 19 1 13.0 0.12072203430714357 4 3 2 1 
144 7 24 1 13.0 1.8372836684816929 2 3 4 5 
145 18 17 1 13.0 1.3534604374498986 3 1 2 4 
146 18 14 1 13.0 1.5428527618007826 5 1 3 2 
147 9 18 1 13.0 0.546716654757095 4 5 1 3 
148 13 16 1 13.0 1.826179629011658 3 2 5 1 
149 16 12 1 13.0 0.7711730222915172 5 1 2 4 
150 24 21 1 13.0 1.0219734692195703 1 4 5 2 
151 11 16 1 13.0 0.7284522606419854 2 5 4 3 
152 16 7 1 13.0 0.7238223712400389 2 4 1 3 
153 15 16 1 13.0 0.8360243193572812 2 4 1 5 
154 10 23 1 13.0 0.2012187900901552 3 4 2 5 
155 12 22 1 13.0 0.4117530448781086 2 1 5 3 
156 20 16 1 13.0 1.572495838065066 4 2 5 1 
157 22 25 1 13.0 1.2078183018776123 5 4 2 1 
158 10 15 1 13.0 0.898369953072301 3 5 2 1 
159 7 22 1 13.0 1.8941142661457098 5 3 4 2 
160 26 9 1 13.0 0.9603747002105643 2 5 4 3 
161 19 18 1 13.0 0.3907902283768834 4 5 2 1 
162 16 19 1 13.0 1.7807176978786954 3 2 4 5 
163 26 18 1 13.0 1.8061707116644015 3 2 5 1 
164 26 8 1 13.0 1.2287312531670647 5 2 4 1 
165 19 18 1 13.0 0.28547806968805145 4 3 2 1 
166 22 9 1 13.0 1.1203749852443101 5 4 3 2 
167 8 13 1 13.0 1.1438713607417976 1 2 5 3 
168 25 15 1 13.0 0.9376123224724693 2 4 1 3 
169 10 14 1 13.0 0.7253282685318716 4 5 2 1 
170 18 22 1 13.0 0.7381572128893343 2 1 5 3 
171 10 11 1 13.0 0.40992224918307363 2 1 3 4 
172 25 14 1 13.0 1.0540506406015206 1 3 4 2 
173 11 9 1 13.0 1.2901672065873402 1 5 4 3 
174 14 13 1 13.0 0.664727021941937 5 2 3 1 
175 13 22 1 13.0 0.8283760558734274 4 2 5 3 
176 15 16 1 13.0 1.4845859934247647 3 1 2 5 
177 17 20 1 13.0 0.43927579829700014 1 4 2 3 
178 21 8 1 13.0 0.5977725059135182 5 1 2 4 
179 10 26 1 13.0 0.745141035079022 5 3 4 1 
180 12 10 1 13.0 1.2388065777772561 5 4 3 2 
181 16 25 1 13.0 1.2522403560455082 4 2 5 3 
182 25 10 1 13.0 1.2374071002518918 4 2 1 3 
183 10 23 1 13.0 0.6598188626702945 1 2 4 3 
184 19 26 1 13.0 0.5103956060191328 3 1 5 2 
185 7 10 1 13.0 0.7444492824666824 2 5 1 4 
186 14 20 1 13.0 0.9569019607702998 4 3 5 1 
187 20 26 1 13.0 0.4893458111597224 1 2 5 4 
188 20 11 1 13.0 0.7960091641971085 5 3 2 4 
189 21 12 1 13.0 1.1738576350312264 1 2 3 5 
190 16 8 1 13.0 1.9165022449760591 3 1 2 4 
191 24 15 1 13.0 0.2645805489231996 4 2 5 1 
192 22 20 1 13.0 0.6892768010326742 5 2 3 1 
193 21 26 1 13.0 0.27068873436508967 5 2 1 3 
194 26 22 1 13.0 1.1302745934900242 1 5 3 2 
195 9 15 1 13.0 1.6866166074594784 1 5 4 3 
196 10 9 1 13.0 1.3414967586766153 5 2 4 1 
197 24 19 1 13.0 0.5295520963924956 2 5 4 1 
198 13 11 1 13.0 0.20831483790884997 4 1 2 3 
199 19 8 1 13.0 0.328361747215268 1 4 3 2 
200 12 14 1 13.0 0.8964979354314568 2 3 1 5 
150
150
150
150
150
150
36
36
36
36
36
36
36
36
36
36
36
36
36
36
36
36
36
36
36
36
0 0 0 0 0 0 150 150 150 150 150 150 150 150 150 150 150 150 150 150 150 150 150 150 150 150 
0 0 0 0 0 0 150 150 150 150 150 150 150 150 150 150 150 150 150 150 150 150 150 150 150 150 
0 0 0 0 0 0 150 150 150 150 150 150 150 150 150 150 150 150 150 150 150 150 150 150 150 150 
0 0 0 0 0 0 150 150 150 150 150 150 150 150 150 150 150 150 150 150 150 150 150 150 150 150 
0 0 0 0 0 0 150 150 150 150 150 150 150 150 150 150 150 150 150 150 150 150 150 150 150 150 
0 0 0 0 0 0 150 150 150 150 150 150 150 150 150 150 150 150 150 150 150 150 150 150 150 150 
150 150 150 150 150 150 0 0 0 0 0 0 0 0 0 0 0 0 0 0 0 0 0 0 0 0 
150 150 150 150 150 150 0 0 0 0 0 0 0 0 0 0 0 0 0 0 0 0 0 0 0 0 
150 150 150 150 150 150 0 0 0 0 0 0 0 0 0 0 0 0 0 0 0 0 0 0 0 0 
150 150 150 150 150 150 0 0 0 0 0 0 0 0 0 0 0 0 0 0 0 0 0 0 0 0 
150 150 150 150 150 150 0 0 0 0 0 0 0 0 0 0 0 0 0 0 0 0 0 0 0 0 
150 150 150 150 150 150 0 0 0 0 0 0 0 0 0 0 0 0 0 0 0 0 0 0 0 0 
150 150 150 150 150 150 0 0 0 0 0 0 0 0 0 0 0 0 0 0 0 0 0 0 0 0 
150 150 150 150 150 150 0 0 0 0 0 0 0 0 0 0 0 0 0 0 0 0 0 0 0 0 
150 150 150 150 150 150 0 0 0 0 0 0 0 0 0 0 0 0 0 0 0 0 0 0 0 0 
150 150 150 150 150 150 0 0 0 0 0 0 0 0 0 0 0 0 0 0 0 0 0 0 0 0 
150 150 150 150 150 150 0 0 0 0 0 0 0 0 0 0 0 0 0 0 0 0 0 0 0 0 
150 150 150 150 150 150 0 0 0 0 0 0 0 0 0 0 0 0 0 0 0 0 0 0 0 0 
150 150 150 150 150 150 0 0 0 0 0 0 0 0 0 0 0 0 0 0 0 0 0 0 0 0 
150 150 150 150 150 150 0 0 0 0 0 0 0 0 0 0 0 0 0 0 0 0 0 0 0 0 
150 150 150 150 150 150 0 0 0 0 0 0 0 0 0 0 0 0 0 0 0 0 0 0 0 0 
150 150 150 150 150 150 0 0 0 0 0 0 0 0 0 0 0 0 0 0 0 0 0 0 0 0 
150 150 150 150 150 150 0 0 0 0 0 0 0 0 0 0 0 0 0 0 0 0 0 0 0 0 
150 150 150 150 150 150 0 0 0 0 0 0 0 0 0 0 0 0 0 0 0 0 0 0 0 0 
150 150 150 150 150 150 0 0 0 0 0 0 0 0 0 0 0 0 0 0 0 0 0 0 0 0 
150 150 150 150 150 150 0 0 0 0 0 0 0 0 0 0 0 0 0 0 0 0 0 0 0 0 
