5 10 25 100
23.99 2;1.68 2;12.59 1;15.56 2;20.38 3;
1 8 6 1 13.0 1.845135414481772 1 5 3 4 
2 18 25 1 13.0 0.2074597378458074 1 4 5 3 
3 11 7 1 13.0 1.9474799365244289 3 1 4 2 
4 6 20 1 13.0 1.1446576661387897 1 4 3 2 
5 17 18 1 13.0 0.700969503688798 3 4 5 2 
6 14 9 1 13.0 0.9311800169757152 5 3 4 2 
7 6 19 1 13.0 1.105988596086703 5 1 4 3 
8 11 21 1 13.0 1.8640625547184275 2 5 4 3 
9 9 6 1 13.0 1.7500471385102414 4 2 3 1 
10 7 20 1 13.0 0.20569064688154404 1 4 5 3 
150
150
150
150
150
36
36
36
36
36
36
36
36
36
36
36
36
36
36
36
36
36
36
36
36
0 0 0 0 0 150 150 150 150 150 150 150 150 150 150 150 150 150 150 150 150 150 150 150 150 
0 0 0 0 0 150 150 150 150 150 150 150 150 150 150 150 150 150 150 150 150 150 150 150 150 
0 0 0 0 0 150 150 150 150 150 150 150 150 150 150 150 150 150 150 150 150 150 150 150 150 
0 0 0 0 0 150 150 150 150 150 150 150 150 150 150 150 150 150 150 150 150 150 150 150 150 
0 0 0 0 0 150 150 150 150 150 150 150 150 150 150 150 150 150 150 150 150 150 150 150 150 
150 150 150 150 150 0 0 0 0 0 0 0 0 0 0 0 0 0 0 0 0 0 0 0 0 
150 150 150 150 150 0 0 0 0 0 0 0 0 0 0 0 0 0 0 0 0 0 0 0 0 
150 150 150 150 150 0 0 0 0 0 0 0 0 0 0 0 0 0 0 0 0 0 0 0 0 
150 150 150 150 150 0 0 0 0 0 0 0 0 0 0 0 0 0 0 0 0 0 0 0 0 
150 150 150 150 150 0 0 0 0 0 0 0 0 0 0 0 0 0 0 0 0 0 0 0 0 
150 150 150 150 150 0 0 0 0 0 0 0 0 0 0 0 0 0 0 0 0 0 0 0 0 
150 150 150 150 150 0 0 0 0 0 0 0 0 0 0 0 0 0 0 0 0 0 0 0 0 
150 150 150 150 150 0 0 0 0 0 0 0 0 0 0 0 0 0 0 0 0 0 0 0 0 
150 150 150 150 150 0 0 0 0 0 0 0 0 0 0 0 0 0 0 0 0 0 0 0 0 
150 150 150 150 150 0 0 0 0 0 0 0 0 0 0 0 0 0 0 0 0 0 0 0 0 
150 150 150 150 150 0 0 0 0 0 0 0 0 0 0 0 0 0 0 0 0 0 0 0 0 
150 150 150 150 150 0 0 0 0 0 0 0 0 0 0 0 0 0 0 0 0 0 0 0 0 
150 150 150 150 150 0 0 0 0 0 0 0 0 0 0 0 0 0 0 0 0 0 0 0 0 
150 150 150 150 150 0 0 0 0 0 0 0 0 0 0 0 0 0 0 0 0 0 0 0 0 
150 150 150 150 150 0 0 0 0 0 0 0 0 0 0 0 0 0 0 0 0 0 0 0 0 
150 150 150 150 150 0 0 0 0 0 0 0 0 0 0 0 0 0 0 0 0 0 0 0 0 
150 150 150 150 150 0 0 0 0 0 0 0 0 0 0 0 0 0 0 0 0 0 0 0 0 
150 150 150 150 150 0 0 0 0 0 0 0 0 0 0 0 0 0 0 0 0 0 0 0 0 
150 150 150 150 150 0 0 0 0 0 0 0 0 0 0 0 0 0 0 0 0 0 0 0 0 
150 150 150 150 150 0 0 0 0 0 0 0 0 0 0 0 0 0 0 0 0 0 0 0 0 
