5 200 23 60
19.67 1;15.54 2;6.13 2;3.86 3;18.89 3;
1 22 7 1 13.0 0.5467899087638033 3 2 1 4 
2 11 14 1 13.0 0.04256908404307902 4 3 5 2 
3 23 22 1 13.0 1.3150666930656312 4 5 1 2 
4 6 10 1 13.0 0.6662570834122479 2 4 1 3 
5 23 21 1 13.0 0.20806922752367396 1 5 2 3 
6 10 23 1 13.0 1.0176574796852458 2 3 1 5 
7 4 17 1 13.0 1.2313289108815302 5 1 2 4 
8 12 10 1 13.0 1.0218558654639436 1 5 2 4 
9 7 13 1 13.0 1.1062559127655183 4 1 2 5 
10 4 19 1 13.0 0.8754037084948607 1 2 4 3 
11 13 4 1 13.0 1.152578291117796 5 3 1 4 
12 9 17 1 13.0 0.27104999447172173 3 4 2 5 
13 13 10 1 13.0 0.9274797183363923 3 5 2 1 
14 4 19 1 13.0 1.9475496993414039 1 4 5 3 
15 18 11 1 13.0 0.09995939560323186 2 5 4 1 
16 14 8 1 13.0 1.3482396912077548 2 4 1 5 
17 19 4 1 13.0 1.3368402144099032 1 2 3 5 
18 7 10 1 13.0 0.09366573557580216 1 2 4 5 
19 9 5 1 13.0 1.7694053005692791 5 3 2 4 
20 4 12 1 13.0 0.18896329256712696 4 3 2 5 
21 23 8 1 13.0 1.629472768424067 1 2 5 4 
22 18 11 1 13.0 1.5044400184405715 4 5 2 1 
23 9 4 1 13.0 0.19631805251721346 4 2 5 3 
24 4 12 1 13.0 1.361645476267095 2 1 4 5 
25 7 11 1 13.0 1.624651461970902 3 2 4 1 
26 7 19 1 13.0 0.961207059063534 4 3 5 1 
27 10 9 1 13.0 1.9521106866631888 4 5 3 1 
28 6 11 1 13.0 1.6730028416639273 3 2 1 4 
29 11 14 1 13.0 0.9563181070161906 2 5 4 1 
30 18 15 1 13.0 1.1479763486866277 4 5 3 1 
31 13 17 1 13.0 0.538384675746626 4 2 5 3 
32 14 21 1 13.0 0.40728605364103476 1 3 2 4 
33 12 20 1 13.0 0.25990367693245076 5 1 2 3 
34 18 14 1 13.0 1.098091058896662 1 4 2 3 
35 21 19 1 13.0 0.48387510692664804 1 5 4 3 
36 20 12 1 13.0 1.4551570527043522 4 1 3 2 
37 18 7 1 13.0 0.5383380642868709 1 3 4 2 
38 12 8 1 13.0 0.6700169745493354 1 4 2 5 
39 9 11 1 13.0 1.0637725959078508 3 5 2 4 
40 18 8 1 13.0 0.7020046665991133 5 3 1 2 
41 21 22 1 13.0 1.5675230370689293 1 2 4 3 
42 5 19 1 13.0 1.4716325648695538 2 1 4 5 
43 14 5 1 13.0 1.5855226030902885 1 3 4 5 
44 15 10 1 13.0 1.3283759527315029 1 2 4 3 
45 19 13 1 13.0 0.8409257273704811 5 2 1 4 
46 11 8 1 13.0 1.3518444289889915 5 1 4 2 
47 11 13 1 13.0 1.0346910805140055 5 2 4 3 
48 10 20 1 13.0 0.1675872734031525 1 4 3 5 
49 9 7 1 13.0 1.4738586456608125 5 3 1 4 
50 7 23 1 13.0 1.3573304283156942 1 2 4 3 
51 6 13 1 13.0 1.6433028054663517 5 2 4 3 
52 13 15 1 13.0 1.836769237283175 3 1 5 2 
53 22 13 1 13.0 1.73662562488775 2 1 4 5 
54 22 12 1 13.0 1.7314599406556734 5 1 2 3 
55 12 23 1 13.0 1.6681222976522485 4 2 1 5 
56 21 4 1 13.0 0.2998428542991214 2 4 3 1 
57 13 14 1 13.0 1.8025804808099704 2 3 4 1 
58 22 14 1 13.0 0.7849994485679506 2 1 5 4 
59 19 18 1 13.0 0.9244036337162249 3 1 5 4 
60 13 12 1 13.0 0.7054079046456907 2 3 1 5 
61 23 5 1 13.0 1.912389032954719 1 3 2 4 
62 7 9 1 13.0 1.1989867412318969 3 5 1 2 
63 22 6 1 13.0 0.6231189807907855 2 1 4 3 
64 12 4 1 13.0 0.8167120879688337 2 3 4 5 
65 4 19 1 13.0 8.548444812637168E-4 3 2 5 4 
66 18 13 1 13.0 0.5171699774845195 5 3 2 1 
67 5 20 1 13.0 0.21978529118502754 5 2 4 3 
68 14 8 1 13.0 1.9345345574863684 3 1 5 2 
69 6 15 1 13.0 0.8300015907369436 3 2 5 1 
70 19 10 1 13.0 1.132179937985103 4 1 5 3 
71 11 14 1 13.0 1.966666474611898 1 2 5 4 
72 12 4 1 13.0 0.09424739692054707 1 4 3 5 
73 16 11 1 13.0 0.4793262363916939 4 1 3 2 
74 20 19 1 13.0 0.5228313335452892 3 4 2 5 
75 16 15 1 13.0 0.8600131921497427 3 1 2 4 
76 14 22 1 13.0 1.7440619016290904 2 5 3 4 
77 19 14 1 13.0 1.7892847511557628 4 5 2 1 
78 18 6 1 13.0 0.3176101530549942 3 2 5 1 
79 15 5 1 13.0 1.3431866217845563 2 4 5 3 
80 21 22 1 13.0 1.8795713321353364 2 5 3 1 
81 22 20 1 13.0 1.2683754738633084 3 4 1 5 
82 5 18 1 13.0 1.360636656578646 1 2 5 3 
83 12 17 1 13.0 1.9393205731550933 1 2 4 3 
84 15 18 1 13.0 0.8098191676354163 3 2 1 5 
85 17 10 1 13.0 0.0700002383106324 1 4 5 3 
86 23 9 1 13.0 0.27866772144258234 2 3 5 1 
87 22 19 1 13.0 0.6235189135818193 4 3 2 1 
88 7 5 1 13.0 1.902722813153723 2 1 4 3 
89 16 8 1 13.0 0.5215311091847719 2 5 1 3 
90 19 14 1 13.0 0.7521745234136992 3 5 4 2 
91 15 17 1 13.0 1.0786506538514515 3 1 5 4 
92 22 19 1 13.0 1.7205893278467739 3 1 5 4 
93 5 19 1 13.0 0.005249566797658645 5 1 3 2 
94 13 10 1 13.0 1.9811334973226749 4 2 5 1 
95 4 5 1 13.0 1.3185692907213555 2 5 4 1 
96 16 20 1 13.0 1.7322021473831497 4 2 1 5 
97 21 7 1 13.0 1.9568409983461246 4 1 2 5 
98 15 21 1 13.0 1.3140287724665325 3 4 2 5 
99 4 23 1 13.0 1.7581406334080087 3 5 1 2 
100 16 11 1 13.0 1.4168277398510483 4 1 2 3 
101 4 21 1 13.0 0.15246701209609292 4 5 1 2 
102 10 7 1 13.0 1.6083451118257188 3 1 2 4 
103 10 12 1 13.0 1.9593635451100182 1 5 2 3 
104 15 14 1 13.0 1.8465995011624783 3 2 5 4 
105 10 14 1 13.0 0.33955368876676406 2 5 4 1 
106 15 12 1 13.0 1.1487007119552661 5 2 4 1 
107 21 13 1 13.0 1.116549783165063 1 5 4 2 
108 4 18 1 13.0 0.369804566581867 3 1 4 2 
109 17 20 1 13.0 1.3582966176411402 1 4 2 3 
110 16 19 1 13.0 0.3504750999470596 4 2 1 5 
111 6 4 1 13.0 1.8957477507787133 3 1 2 4 
112 8 23 1 13.0 0.9827743487243419 5 2 3 4 
113 8 14 1 13.0 1.6228650327389358 5 4 3 2 
114 22 16 1 13.0 0.5144067693838081 3 5 4 2 
115 14 16 1 13.0 0.47439664758433153 2 4 3 5 
116 17 6 1 13.0 1.624675512521451 4 3 5 2 
117 23 11 1 13.0 0.856904875002813 1 5 4 2 
118 5 18 1 13.0 1.7547422679799478 2 1 5 3 
119 7 4 1 13.0 1.916964243339433 5 3 4 2 
120 17 10 1 13.0 1.952765846515461 1 3 2 4 
121 10 23 1 13.0 0.272044734176236 3 1 5 2 
122 16 6 1 13.0 0.25275432972020306 3 1 5 4 
123 10 4 1 13.0 1.7957968718719164 1 3 5 2 
124 11 12 1 13.0 0.4820933065775632 3 5 2 1 
125 20 19 1 13.0 1.1049730552257442 1 2 4 3 
126 17 7 1 13.0 1.0708583610292004 3 2 4 1 
127 22 10 1 13.0 0.6731916736671126 2 3 1 4 
128 20 4 1 13.0 0.37339252194681216 4 2 3 1 
129 8 12 1 13.0 1.8131670941641582 5 4 3 1 
130 21 17 1 13.0 1.7510990080622106 5 1 4 3 
131 23 20 1 13.0 1.135407197993819 5 4 3 2 
132 17 22 1 13.0 0.15992152807754234 1 3 2 5 
133 12 22 1 13.0 1.0654976363580133 2 1 3 4 
134 9 14 1 13.0 0.6311848598738317 4 3 2 1 
135 21 22 1 13.0 1.2826883622283296 1 3 2 4 
136 23 13 1 13.0 0.9007867987134894 3 5 4 1 
137 23 8 1 13.0 1.0894573709373712 3 5 1 4 
138 17 8 1 13.0 1.888839320027588 4 1 2 3 
139 5 7 1 13.0 0.5451231130581216 2 1 5 3 
140 14 17 1 13.0 1.219353417022459 3 5 1 2 
141 6 12 1 13.0 1.1627803013112128 4 1 2 5 
142 9 21 1 13.0 1.1970759758527683 5 4 2 1 
143 16 6 1 13.0 0.6783672625186234 1 3 2 4 
144 12 8 1 13.0 0.6507279770600376 2 5 1 4 
145 21 20 1 13.0 1.8169573637605818 3 4 2 1 
146 17 18 1 13.0 0.8696921787878591 1 4 3 5 
147 16 13 1 13.0 0.2618150453518411 3 2 1 5 
148 16 10 1 13.0 0.7635313693273083 3 5 2 4 
149 15 20 1 13.0 1.5432896675595233 2 5 3 4 
150 21 14 1 13.0 0.3214711799506629 3 5 2 1 
151 13 4 1 13.0 0.4005170550084709 2 1 4 5 
152 6 7 1 13.0 0.3376714484383958 1 4 5 2 
153 20 7 1 13.0 1.9539177629823594 5 4 1 3 
154 23 5 1 13.0 1.0214714752559224 2 1 3 5 
155 18 14 1 13.0 0.23772699741200354 4 2 5 1 
156 14 5 1 13.0 1.116022291922668 3 5 1 4 
157 23 15 1 13.0 1.4944759733556314 3 4 2 5 
158 12 17 1 13.0 0.19780962858094364 2 5 1 3 
159 6 15 1 13.0 1.4482480204198025 1 3 5 4 
160 11 13 1 13.0 1.1589288986758626 4 1 2 5 
161 22 11 1 13.0 1.4111769593533199 4 2 1 5 
162 15 20 1 13.0 0.9716685398025571 1 2 4 3 
163 14 17 1 13.0 0.3487636822024096 4 3 1 5 
164 11 23 1 13.0 0.3369351760141761 5 3 4 1 
165 19 13 1 13.0 0.5818746497910436 3 4 5 2 
166 16 19 1 13.0 1.2644513342227277 3 2 4 5 
167 18 11 1 13.0 0.0956026230534408 3 4 2 1 
168 9 21 1 13.0 0.16923074663660698 5 3 2 1 
169 5 11 1 13.0 0.4844194939930282 4 2 5 1 
170 12 8 1 13.0 0.7487727545264411 3 1 2 5 
171 5 17 1 13.0 1.1572782756753333 2 1 3 4 
172 12 5 1 13.0 1.8831562110739932 3 2 5 1 
173 18 20 1 13.0 0.024826596146860336 3 4 5 2 
174 11 16 1 13.0 0.503363184321161 2 4 3 5 
175 16 15 1 13.0 1.866952393454039 5 1 2 3 
176 19 8 1 13.0 1.2334459578096282 4 2 5 3 
177 12 11 1 13.0 1.6968874974435042 3 1 5 4 
178 11 18 1 13.0 1.4931176803159871 1 3 5 4 
179 23 8 1 13.0 0.06850001355402724 1 2 3 5 
180 18 5 1 13.0 0.02612970837725581 2 4 3 1 
181 15 6 1 13.0 1.198378568475713 3 2 5 4 
182 15 13 1 13.0 1.1539275330578127 4 5 2 1 
183 16 23 1 13.0 0.9339388477630621 1 5 2 3 
184 9 18 1 13.0 1.5916189704635217 1 2 5 3 
185 5 20 1 13.0 1.8042481300699071 5 3 1 2 
186 5 15 1 13.0 0.6983357572770148 5 4 1 3 
187 22 8 1 13.0 1.5693805659417126 1 3 2 5 
188 20 11 1 13.0 1.009312656937843 5 4 1 3 
189 13 16 1 13.0 1.1167241978763272 2 1 5 3 
190 10 6 1 13.0 1.7934661665870686 4 2 3 5 
191 20 22 1 13.0 1.6986500150526656 5 4 3 2 
192 9 15 1 13.0 1.6029016282276918 4 3 1 2 
193 19 11 1 13.0 1.079765208636516 4 2 1 3 
194 22 13 1 13.0 1.3333221761451959 2 3 5 4 
195 7 4 1 13.0 1.8268441807741351 2 1 4 5 
196 8 9 1 13.0 0.9721785484077676 2 4 3 1 
197 6 16 1 13.0 1.3728107006126364 4 5 1 3 
198 15 7 1 13.0 0.22727558972115802 2 4 3 1 
199 7 11 1 13.0 1.3577218782121094 2 5 4 3 
200 22 10 1 13.0 1.2371483366803881 2 1 5 3 
150
150
150
36
36
36
36
36
36
36
36
36
36
36
36
36
36
36
36
36
36
36
36
0 0 0 150 150 150 150 150 150 150 150 150 150 150 150 150 150 150 150 150 150 150 150 
0 0 0 150 150 150 150 150 150 150 150 150 150 150 150 150 150 150 150 150 150 150 150 
0 0 0 150 150 150 150 150 150 150 150 150 150 150 150 150 150 150 150 150 150 150 150 
150 150 150 0 0 0 0 0 0 0 0 0 0 0 0 0 0 0 0 0 0 0 0 
150 150 150 0 0 0 0 0 0 0 0 0 0 0 0 0 0 0 0 0 0 0 0 
150 150 150 0 0 0 0 0 0 0 0 0 0 0 0 0 0 0 0 0 0 0 0 
150 150 150 0 0 0 0 0 0 0 0 0 0 0 0 0 0 0 0 0 0 0 0 
150 150 150 0 0 0 0 0 0 0 0 0 0 0 0 0 0 0 0 0 0 0 0 
150 150 150 0 0 0 0 0 0 0 0 0 0 0 0 0 0 0 0 0 0 0 0 
150 150 150 0 0 0 0 0 0 0 0 0 0 0 0 0 0 0 0 0 0 0 0 
150 150 150 0 0 0 0 0 0 0 0 0 0 0 0 0 0 0 0 0 0 0 0 
150 150 150 0 0 0 0 0 0 0 0 0 0 0 0 0 0 0 0 0 0 0 0 
150 150 150 0 0 0 0 0 0 0 0 0 0 0 0 0 0 0 0 0 0 0 0 
150 150 150 0 0 0 0 0 0 0 0 0 0 0 0 0 0 0 0 0 0 0 0 
150 150 150 0 0 0 0 0 0 0 0 0 0 0 0 0 0 0 0 0 0 0 0 
150 150 150 0 0 0 0 0 0 0 0 0 0 0 0 0 0 0 0 0 0 0 0 
150 150 150 0 0 0 0 0 0 0 0 0 0 0 0 0 0 0 0 0 0 0 0 
150 150 150 0 0 0 0 0 0 0 0 0 0 0 0 0 0 0 0 0 0 0 0 
150 150 150 0 0 0 0 0 0 0 0 0 0 0 0 0 0 0 0 0 0 0 0 
150 150 150 0 0 0 0 0 0 0 0 0 0 0 0 0 0 0 0 0 0 0 0 
150 150 150 0 0 0 0 0 0 0 0 0 0 0 0 0 0 0 0 0 0 0 0 
150 150 150 0 0 0 0 0 0 0 0 0 0 0 0 0 0 0 0 0 0 0 0 
150 150 150 0 0 0 0 0 0 0 0 0 0 0 0 0 0 0 0 0 0 0 0 
