5 100 25 100
12.98 3;10.23 3;16.63 2;18.52 2;21.02 1;
1 19 17 1 13.0 1.2758189698619302 4 2 1 5 
2 20 24 1 13.0 0.02359231547161955 4 2 3 1 
3 14 24 1 13.0 1.7928749197413574 1 2 3 4 
4 7 9 1 13.0 1.9990377660223193 1 5 2 4 
5 23 20 1 13.0 0.8146280721233596 1 3 5 2 
6 25 16 1 13.0 0.7357479410836341 2 1 3 5 
7 14 19 1 13.0 0.5986800690053691 3 4 2 5 
8 23 14 1 13.0 1.4538870008108717 4 3 5 2 
9 25 22 1 13.0 0.22613594096389678 3 1 5 2 
10 18 24 1 13.0 1.0730702508371601 5 2 4 1 
11 20 6 1 13.0 0.9397516008306468 1 2 5 3 
12 11 23 1 13.0 1.3159832812738892 4 3 1 2 
13 22 18 1 13.0 0.32430910612982355 5 3 1 2 
14 14 18 1 13.0 1.8202406029359361 1 5 2 3 
15 6 25 1 13.0 0.8655949340042148 2 5 1 3 
16 21 14 1 13.0 1.844070447970116 2 1 3 4 
17 19 14 1 13.0 1.6345167329041297 5 1 4 2 
18 19 14 1 13.0 1.9646744880468765 1 5 4 2 
19 6 16 1 13.0 1.5743358242580894 5 2 4 3 
20 13 6 1 13.0 0.2699093815315923 2 3 5 4 
21 9 6 1 13.0 1.3843102472449205 3 2 1 5 
22 22 10 1 13.0 0.8702132185786309 4 3 5 1 
23 10 15 1 13.0 0.7765670873439718 3 5 1 4 
24 16 12 1 13.0 1.5312041457482135 3 4 2 1 
25 23 10 1 13.0 1.0093725661138722 3 5 4 2 
26 16 24 1 13.0 1.2178312285757813 3 5 2 1 
27 19 23 1 13.0 0.6560172348018807 2 5 3 1 
28 12 15 1 13.0 1.0664985319839866 4 2 3 1 
29 18 22 1 13.0 1.8287641713966234 4 1 3 2 
30 13 9 1 13.0 1.1444352141583682 3 1 5 4 
31 22 24 1 13.0 0.026475649210999652 3 5 1 2 
32 21 15 1 13.0 1.1334554543044861 4 5 3 1 
33 23 20 1 13.0 0.3207315203407388 5 1 3 2 
34 11 15 1 13.0 1.0989745027018791 1 5 4 3 
35 21 8 1 13.0 1.6744211020851618 1 2 5 3 
36 24 21 1 13.0 1.8350454536527996 3 4 2 5 
37 12 7 1 13.0 0.9675705171750284 5 4 3 1 
38 25 21 1 13.0 1.3312254301694397 3 4 5 1 
39 24 6 1 13.0 0.27655737811851 5 1 2 3 
40 7 14 1 13.0 0.7255273360810397 5 1 3 2 
41 12 19 1 13.0 0.9057054059914897 1 2 4 3 
42 21 18 1 13.0 1.2079239442988432 4 5 2 1 
43 24 8 1 13.0 0.13475829742466705 4 3 5 1 
44 21 23 1 13.0 1.4613158387775336 5 4 2 1 
45 19 11 1 13.0 0.1122466560960893 1 4 2 5 
46 24 15 1 13.0 0.28087970252076255 2 3 4 5 
47 7 14 1 13.0 0.37427956646198846 4 3 5 2 
48 24 22 1 13.0 1.3481781525778533 2 5 4 3 
49 15 20 1 13.0 1.5025373532163693 1 5 4 3 
50 19 21 1 13.0 0.47140672439242826 1 5 3 2 
51 9 16 1 13.0 1.1926345739777713 4 2 5 1 
52 6 14 1 13.0 0.4049650779615299 5 1 2 3 
53 10 25 1 13.0 0.29640637307047757 1 3 4 5 
54 11 19 1 13.0 0.7177313408970474 1 3 5 2 
55 10 8 1 13.0 0.2328861389489092 3 4 1 5 
56 24 9 1 13.0 0.8137108452105799 4 5 3 2 
57 12 8 1 13.0 0.6437716941947367 3 1 5 4 
58 9 18 1 13.0 0.4455609474746738 1 4 3 5 
59 14 17 1 13.0 1.6333531951524904 5 4 3 2 
60 18 16 1 13.0 0.9611131379732196 1 4 3 2 
61 21 10 1 13.0 1.876226156239757 2 5 1 3 
62 12 20 1 13.0 1.2901410577696186 4 3 2 1 
63 8 16 1 13.0 0.9296199472884876 1 5 4 3 
64 23 17 1 13.0 0.368229904590345 5 2 1 3 
65 17 16 1 13.0 0.7758162922989298 4 5 3 2 
66 6 11 1 13.0 1.9295537861008751 5 2 1 4 
67 9 25 1 13.0 0.08330409629584601 3 1 4 2 
68 22 20 1 13.0 1.1636455723484203 1 3 4 2 
69 23 6 1 13.0 1.438869698446438 1 5 4 3 
70 7 17 1 13.0 0.43020728796671626 1 4 3 5 
71 7 10 1 13.0 0.9240464091969194 1 3 5 4 
72 23 7 1 13.0 0.629577560252552 4 5 1 3 
73 21 18 1 13.0 1.2786820915678239 5 4 1 2 
74 7 20 1 13.0 0.05121901233108428 1 5 2 3 
75 22 19 1 13.0 0.4597419367798248 1 2 5 4 
76 18 12 1 13.0 1.4238175975837133 2 5 3 1 
77 15 14 1 13.0 1.2214053556850153 1 4 3 5 
78 16 21 1 13.0 0.361036676596014 4 5 3 2 
79 8 11 1 13.0 1.140288390538263 5 4 2 1 
80 18 24 1 13.0 0.18664508994693674 3 1 2 5 
81 19 12 1 13.0 0.1722954098993139 4 1 5 2 
82 14 9 1 13.0 1.292433146896657 4 2 1 5 
83 25 23 1 13.0 1.5620614918371747 1 3 2 5 
84 17 7 1 13.0 0.8303947594966374 5 4 2 1 
85 7 20 1 13.0 1.2857125531154971 2 3 1 5 
86 10 21 1 13.0 0.3930136877775907 1 4 2 5 
87 24 20 1 13.0 1.168498139633891 3 5 4 2 
88 13 14 1 13.0 0.0552544144221887 5 4 3 1 
89 22 24 1 13.0 0.9996057870172697 1 2 4 3 
90 16 7 1 13.0 0.39051711874740413 2 1 5 3 
91 11 12 1 13.0 1.7215433106567894 5 2 4 3 
92 9 8 1 13.0 1.264314797810767 4 5 3 2 
93 11 18 1 13.0 1.8511705781651357 2 4 1 5 
94 10 7 1 13.0 0.3854831832841257 5 2 1 3 
95 14 23 1 13.0 0.8752685851521673 4 3 1 2 
96 16 9 1 13.0 1.2524997569677214 2 1 5 4 
97 19 16 1 13.0 1.0324067720299381 2 4 5 1 
98 19 23 1 13.0 1.2342013907815397 2 1 3 4 
99 9 10 1 13.0 4.840182532070969E-4 1 3 5 4 
100 22 9 1 13.0 1.8301948731769202 4 2 1 5 
150
150
150
150
150
36
36
36
36
36
36
36
36
36
36
36
36
36
36
36
36
36
36
36
36
0 0 0 0 0 150 150 150 150 150 150 150 150 150 150 150 150 150 150 150 150 150 150 150 150 
0 0 0 0 0 150 150 150 150 150 150 150 150 150 150 150 150 150 150 150 150 150 150 150 150 
0 0 0 0 0 150 150 150 150 150 150 150 150 150 150 150 150 150 150 150 150 150 150 150 150 
0 0 0 0 0 150 150 150 150 150 150 150 150 150 150 150 150 150 150 150 150 150 150 150 150 
0 0 0 0 0 150 150 150 150 150 150 150 150 150 150 150 150 150 150 150 150 150 150 150 150 
150 150 150 150 150 0 0 0 0 0 0 0 0 0 0 0 0 0 0 0 0 0 0 0 0 
150 150 150 150 150 0 0 0 0 0 0 0 0 0 0 0 0 0 0 0 0 0 0 0 0 
150 150 150 150 150 0 0 0 0 0 0 0 0 0 0 0 0 0 0 0 0 0 0 0 0 
150 150 150 150 150 0 0 0 0 0 0 0 0 0 0 0 0 0 0 0 0 0 0 0 0 
150 150 150 150 150 0 0 0 0 0 0 0 0 0 0 0 0 0 0 0 0 0 0 0 0 
150 150 150 150 150 0 0 0 0 0 0 0 0 0 0 0 0 0 0 0 0 0 0 0 0 
150 150 150 150 150 0 0 0 0 0 0 0 0 0 0 0 0 0 0 0 0 0 0 0 0 
150 150 150 150 150 0 0 0 0 0 0 0 0 0 0 0 0 0 0 0 0 0 0 0 0 
150 150 150 150 150 0 0 0 0 0 0 0 0 0 0 0 0 0 0 0 0 0 0 0 0 
150 150 150 150 150 0 0 0 0 0 0 0 0 0 0 0 0 0 0 0 0 0 0 0 0 
150 150 150 150 150 0 0 0 0 0 0 0 0 0 0 0 0 0 0 0 0 0 0 0 0 
150 150 150 150 150 0 0 0 0 0 0 0 0 0 0 0 0 0 0 0 0 0 0 0 0 
150 150 150 150 150 0 0 0 0 0 0 0 0 0 0 0 0 0 0 0 0 0 0 0 0 
150 150 150 150 150 0 0 0 0 0 0 0 0 0 0 0 0 0 0 0 0 0 0 0 0 
150 150 150 150 150 0 0 0 0 0 0 0 0 0 0 0 0 0 0 0 0 0 0 0 0 
150 150 150 150 150 0 0 0 0 0 0 0 0 0 0 0 0 0 0 0 0 0 0 0 0 
150 150 150 150 150 0 0 0 0 0 0 0 0 0 0 0 0 0 0 0 0 0 0 0 0 
150 150 150 150 150 0 0 0 0 0 0 0 0 0 0 0 0 0 0 0 0 0 0 0 0 
150 150 150 150 150 0 0 0 0 0 0 0 0 0 0 0 0 0 0 0 0 0 0 0 0 
150 150 150 150 150 0 0 0 0 0 0 0 0 0 0 0 0 0 0 0 0 0 0 0 0 
