5 100 26 120
10.03 3;2.88 2;2.35 2;4.05 3;14.21 1;
1 14 10 1 13.0 1.5676478973424492 1 4 3 5 
2 17 16 1 13.0 1.0794455182720408 2 4 1 3 
3 22 16 1 13.0 0.24913779461920305 3 4 5 1 
4 16 26 1 13.0 1.0268281943090034 3 5 1 4 
5 26 14 1 13.0 1.2949217733799607 3 5 1 2 
6 8 11 1 13.0 0.625683267810595 3 5 1 4 
7 19 7 1 13.0 1.379776853340858 5 2 3 4 
8 8 11 1 13.0 0.9637908822882972 3 4 5 1 
9 14 25 1 13.0 1.7911844555114238 1 4 2 3 
10 23 16 1 13.0 0.9010819885084314 1 4 5 3 
11 11 17 1 13.0 0.5455516716114588 2 1 3 5 
12 18 16 1 13.0 1.5381600193017533 4 1 2 3 
13 18 23 1 13.0 1.8508388467268855 2 1 3 5 
14 15 21 1 13.0 1.8493903974014625 1 4 2 3 
15 22 11 1 13.0 0.6048733645788318 5 3 4 2 
16 23 24 1 13.0 1.762132557464353 3 2 1 5 
17 8 11 1 13.0 0.2697671886095512 4 1 5 3 
18 9 10 1 13.0 1.1444174268849783 2 1 3 4 
19 19 9 1 13.0 0.7581320061374701 3 2 1 5 
20 10 26 1 13.0 0.5889372857456037 3 4 1 2 
21 19 8 1 13.0 1.1870676599299732 3 2 5 1 
22 7 12 1 13.0 0.8329909613514379 5 2 4 1 
23 11 10 1 13.0 0.22835326816455992 1 3 5 2 
24 14 18 1 13.0 0.12313518075883922 5 3 2 4 
25 17 24 1 13.0 1.9270743480373498 1 5 3 4 
26 23 10 1 13.0 0.5333691343762645 4 5 3 1 
27 16 24 1 13.0 0.42109487358909803 3 1 4 5 
28 24 22 1 13.0 0.22371749616742131 3 5 2 1 
29 7 8 1 13.0 0.08328059328412496 3 5 4 1 
30 19 10 1 13.0 1.804399931889761 4 3 2 5 
31 19 26 1 13.0 0.7318509904312556 1 4 2 5 
32 11 12 1 13.0 1.9264661492527502 3 4 5 1 
33 8 9 1 13.0 1.7399127978376332 1 3 4 2 
34 13 20 1 13.0 1.7334509149917605 4 5 3 1 
35 17 12 1 13.0 0.6364912319036933 4 5 1 2 
36 26 16 1 13.0 0.8592773306174346 4 3 2 1 
37 8 14 1 13.0 1.7103065364544705 3 2 1 4 
38 11 9 1 13.0 1.9502341221298514 1 2 4 3 
39 12 10 1 13.0 1.2151990370171175 4 3 2 5 
40 14 12 1 13.0 0.8019464008236268 2 3 5 4 
41 20 23 1 13.0 0.0546628220538079 4 1 5 3 
42 15 24 1 13.0 0.5847286104476934 3 2 4 1 
43 8 15 1 13.0 1.826934912763254 4 5 2 1 
44 13 17 1 13.0 1.3372775070737637 1 5 2 3 
45 15 24 1 13.0 0.7449889193152222 1 3 2 4 
46 12 25 1 13.0 1.7348340390223098 2 3 1 5 
47 13 16 1 13.0 0.16396728963832685 5 2 3 4 
48 23 13 1 13.0 0.587560568255556 2 1 5 4 
49 24 12 1 13.0 1.5925219502435377 2 5 4 1 
50 19 9 1 13.0 1.2271713615487736 1 5 3 2 
51 8 22 1 13.0 1.4217373038223455 2 3 1 4 
52 14 15 1 13.0 0.7575103105802186 5 4 2 1 
53 9 24 1 13.0 1.0221820717769647 4 5 3 2 
54 25 20 1 13.0 1.6222037387278905 4 3 1 5 
55 26 25 1 13.0 0.696373768309158 3 2 4 1 
56 8 21 1 13.0 1.2946324523172428 2 3 4 5 
57 16 18 1 13.0 0.4485101760332355 1 4 3 5 
58 23 19 1 13.0 1.4854666585234286 4 3 1 2 
59 26 9 1 13.0 0.14349798803658453 1 5 3 2 
60 18 14 1 13.0 1.035953198392113 2 4 5 3 
61 16 18 1 13.0 0.9317562233430992 2 1 5 3 
62 7 26 1 13.0 1.6349911068676228 5 3 2 1 
63 13 15 1 13.0 0.08455009786050272 4 1 5 2 
64 17 23 1 13.0 0.04475465537432455 4 3 5 1 
65 15 26 1 13.0 1.9653804340829235 4 2 5 3 
66 15 26 1 13.0 0.2144689759162266 5 1 2 4 
67 8 12 1 13.0 0.2590308846638243 4 1 5 2 
68 13 25 1 13.0 0.2479252300652537 2 3 5 1 
69 13 23 1 13.0 1.195669907030147 2 5 4 3 
70 10 26 1 13.0 0.16364099929355613 3 5 1 2 
71 13 17 1 13.0 0.536099273121194 1 5 2 3 
72 11 19 1 13.0 1.5355120711955823 1 3 4 2 
73 21 22 1 13.0 0.5287033394771727 2 3 5 4 
74 15 10 1 13.0 1.6970671278190737 2 3 5 4 
75 22 16 1 13.0 0.7999299145439902 2 5 3 1 
76 7 20 1 13.0 0.07141370386637713 1 5 4 3 
77 10 19 1 13.0 0.6220526914332323 4 3 1 2 
78 19 16 1 13.0 0.5250804541712544 4 1 3 5 
79 14 13 1 13.0 0.7244510562518496 4 5 1 3 
80 11 14 1 13.0 1.4843379359539606 1 3 2 4 
81 20 8 1 13.0 1.5169383116092467 4 5 2 3 
82 10 14 1 13.0 1.1785136623592318 5 4 3 1 
83 13 18 1 13.0 1.388781692119498 1 3 4 5 
84 12 7 1 13.0 1.1823107492805733 5 4 3 2 
85 11 15 1 13.0 1.9555585323432185 5 2 3 4 
86 24 21 1 13.0 0.7433507476753562 3 4 2 5 
87 20 13 1 13.0 0.36688575977804705 4 3 5 1 
88 15 14 1 13.0 1.8904850568813374 2 1 4 5 
89 25 21 1 13.0 1.9284428096994177 4 3 2 1 
90 9 22 1 13.0 1.6296620667302437 5 4 3 1 
91 13 7 1 13.0 1.6119994232361334 1 2 4 5 
92 8 19 1 13.0 0.4837212755259537 4 2 3 1 
93 17 8 1 13.0 1.6306431973142732 4 1 2 5 
94 11 7 1 13.0 1.8354949001000678 2 1 4 5 
95 26 14 1 13.0 0.23388747328024984 3 2 4 5 
96 24 25 1 13.0 1.3673190939443194 2 5 1 4 
97 22 24 1 13.0 0.9443521267076056 5 2 1 3 
98 10 22 1 13.0 0.13900811758608578 5 3 2 4 
99 7 14 1 13.0 0.307256387675809 2 3 5 4 
100 15 9 1 13.0 0.0618728352081892 1 2 4 3 
150
150
150
150
150
150
36
36
36
36
36
36
36
36
36
36
36
36
36
36
36
36
36
36
36
36
0 0 0 0 0 0 150 150 150 150 150 150 150 150 150 150 150 150 150 150 150 150 150 150 150 150 
0 0 0 0 0 0 150 150 150 150 150 150 150 150 150 150 150 150 150 150 150 150 150 150 150 150 
0 0 0 0 0 0 150 150 150 150 150 150 150 150 150 150 150 150 150 150 150 150 150 150 150 150 
0 0 0 0 0 0 150 150 150 150 150 150 150 150 150 150 150 150 150 150 150 150 150 150 150 150 
0 0 0 0 0 0 150 150 150 150 150 150 150 150 150 150 150 150 150 150 150 150 150 150 150 150 
0 0 0 0 0 0 150 150 150 150 150 150 150 150 150 150 150 150 150 150 150 150 150 150 150 150 
150 150 150 150 150 150 0 0 0 0 0 0 0 0 0 0 0 0 0 0 0 0 0 0 0 0 
150 150 150 150 150 150 0 0 0 0 0 0 0 0 0 0 0 0 0 0 0 0 0 0 0 0 
150 150 150 150 150 150 0 0 0 0 0 0 0 0 0 0 0 0 0 0 0 0 0 0 0 0 
150 150 150 150 150 150 0 0 0 0 0 0 0 0 0 0 0 0 0 0 0 0 0 0 0 0 
150 150 150 150 150 150 0 0 0 0 0 0 0 0 0 0 0 0 0 0 0 0 0 0 0 0 
150 150 150 150 150 150 0 0 0 0 0 0 0 0 0 0 0 0 0 0 0 0 0 0 0 0 
150 150 150 150 150 150 0 0 0 0 0 0 0 0 0 0 0 0 0 0 0 0 0 0 0 0 
150 150 150 150 150 150 0 0 0 0 0 0 0 0 0 0 0 0 0 0 0 0 0 0 0 0 
150 150 150 150 150 150 0 0 0 0 0 0 0 0 0 0 0 0 0 0 0 0 0 0 0 0 
150 150 150 150 150 150 0 0 0 0 0 0 0 0 0 0 0 0 0 0 0 0 0 0 0 0 
150 150 150 150 150 150 0 0 0 0 0 0 0 0 0 0 0 0 0 0 0 0 0 0 0 0 
150 150 150 150 150 150 0 0 0 0 0 0 0 0 0 0 0 0 0 0 0 0 0 0 0 0 
150 150 150 150 150 150 0 0 0 0 0 0 0 0 0 0 0 0 0 0 0 0 0 0 0 0 
150 150 150 150 150 150 0 0 0 0 0 0 0 0 0 0 0 0 0 0 0 0 0 0 0 0 
150 150 150 150 150 150 0 0 0 0 0 0 0 0 0 0 0 0 0 0 0 0 0 0 0 0 
150 150 150 150 150 150 0 0 0 0 0 0 0 0 0 0 0 0 0 0 0 0 0 0 0 0 
150 150 150 150 150 150 0 0 0 0 0 0 0 0 0 0 0 0 0 0 0 0 0 0 0 0 
150 150 150 150 150 150 0 0 0 0 0 0 0 0 0 0 0 0 0 0 0 0 0 0 0 0 
150 150 150 150 150 150 0 0 0 0 0 0 0 0 0 0 0 0 0 0 0 0 0 0 0 0 
150 150 150 150 150 150 0 0 0 0 0 0 0 0 0 0 0 0 0 0 0 0 0 0 0 0 
