./resultFiles/heu_big_abilene.txt 5 100 12 0 0 8.805151515151517 0.36818181818181817 0.8266666666666667 100 154
./resultFiles/heu_big_nobel-eu.txt 5 100 28 0 0 8.933333333333334 0.4 0.6666666666666666 100 193
./resultFiles/heu_big_nobel-germany.txt 5 100 17 0 0 9.298571428571428 0.33 0.37142857142857144 100 108
./resultFiles/heu_big_test100.txt 5 100 100 0 0 8.55888888888889 0.9611111111111111 0.48 100 223
./resultFiles/heu_big_test200.txt 5 100 200 0 0 8.955555555555556 0.5666666666666667 0.4777777777777778 100 486
./resultFiles/heu_big_test50.txt 5 100 50 0 0 9.083333333333332 0.57 0.3466666666666667 100 101
./resultFiles/heu_small_abilene.txt 5 100 12 0 0 8.023333333333333 0.99 0.9866666666666667 100 96
./resultFiles/heu_small_nobel-eu.txt 5 100 28 0 0 7.9625 0.9 1.0375 99 103
./resultFiles/heu_small_nobel-germany.txt 5 100 17 0 0 8.35 0.72 0.93 100 64
./resultFiles/heu_small_test100.txt 5 100 100 0 0 5.022222222222223 1.0777777777777777 0.8 69 606
./resultFiles/heu_small_test200.txt 5 100 200 0 0 5.133333333333333 1.0666666666666667 0.9 71 1152
./resultFiles/heu_small_test50.txt 5 100 50 0 0 5.777777777777778 1.0222222222222221 1.0 78 106
./resultFiles/heu_LeafSpine1.txt 5 10 23 0 0 9.56 0.04 0.4 10 85
