./resultFiles/Heu4_LeafSpine1.txt 5 10 23 0 0 0.9400000000000003 0.019999999999999685 0.04 1 5121
./resultFiles/Heu4_LeafSpine1.txt 5 10 23 0 0 0.0 0.0 0.0 0 1087
./resultFiles/Heu4_LeafSpine1.txt 5 10 23 0 0 0.0 0.0 0.0 0 937
./resultFiles/Heu4_LeafSpine1.txt 5 10 23 0 0 0.0 0.0 0.0 0 729
./resultFiles/Heu4_LeafSpine1.txt 5 10 23 0 0 0.0 0.0 0.0 0 617
./resultFiles/Heu4_LeafSpine1.txt 5 10 23 0 0 0.0 0.0 0.0 0 1108
./resultFiles/Heu4_LeafSpine1.txt 5 10 23 0 0 9.74923076923077 0.019999999999999685 0.23076923076923078 10 7369
./resultFiles/Heu4_LeafSpine1.txt 5 10 23 0 0 9.74923076923077 0.019999999999999685 0.23076923076923078 10 13362
./resultFiles/Heu4_LeafSpine1.txt 5 10 23 0 0 9.74923076923077 0.019999999999999685 0.23076923076923078 10 12922
./resultFiles/Heu4_LeafSpine1.txt 5 10 23 0 0 9.74923076923077 0.019999999999999685 0.23076923076923078 10 13687 0.525
./resultFiles/Heu4_LeafSpine11.txt 5 200 25 0 0 6.7421088435374 0.013333333333333334 0.9945578231292517 154 9437461 0.5741935483870978
./resultFiles/Heu4_LeafSpine10.txt 5 200 24 0 0 6.829999999999986 0.01999999999999924 1.0 156 2056308 0.4649681528662429
./resultFiles/Heu4_LeafSpine12.txt 5 200 26 0 0 9.091111112220307 0.01999999999999924 0.8888888877796896 199 15905793 0.5875000000000001
