5 100 12 0
4.35 1;22.48 5;20.17 3;8.01 2;12.71 2;
1 3 1 4 13.0 2.3902182661143376 1 4 2 3 5 
2 7 8 1 13.0 1.4970444425232627 1 3 4 2 5 
3 4 1 5 13.0 1.2672404926778307 4 2 5 1 3 
4 10 4 3 13.0 3.986239353189127 1 4 5 2 3 
5 9 8 2 13.0 3.1699820678121253 2 1 5 4 3 
6 7 11 5 13.0 0.39119395765747966 4 2 1 5 3 
7 6 11 3 13.0 3.0571428114514543 1 4 3 2 5 
8 4 5 3 13.0 4.563838116776205 2 3 4 1 5 
9 6 1 4 13.0 3.3209052845330236 5 1 2 3 4 
10 11 6 3 13.0 2.274997643998224 5 2 3 4 1 
11 2 1 2 13.0 1.1122246066718415 5 2 4 1 3 
12 1 2 3 13.0 4.2038866834298405 3 5 1 2 4 
13 2 8 3 13.0 0.052900499372633414 4 2 1 3 5 
14 3 7 2 13.0 2.2388210521272955 2 4 1 5 3 
15 11 1 3 13.0 3.9348945735740717 1 3 2 4 5 
16 7 4 3 13.0 0.29599772360210275 2 4 3 5 1 
17 10 2 5 13.0 2.986479778217128 4 3 2 5 1 
18 1 5 4 13.0 3.376502109785213 4 2 5 1 3 
19 4 11 4 13.0 4.870203593755845 3 4 2 1 5 
20 4 6 2 13.0 2.3290983258376325 3 1 2 5 4 
21 8 2 2 13.0 1.7226350886352004 4 5 3 1 2 
22 1 8 4 13.0 4.091186918206376 5 2 4 1 3 
23 1 12 5 13.0 4.095523008786677 2 4 3 1 5 
24 5 11 4 13.0 4.964519699717441 4 3 5 1 2 
25 2 7 5 13.0 2.294988237491812 5 3 4 1 2 
26 10 7 5 13.0 2.2326134570517913 4 2 3 1 5 
27 5 7 3 13.0 2.864736136382899 4 5 1 3 2 
28 11 6 1 13.0 4.196191914882114 5 1 2 4 3 
29 10 9 1 13.0 3.888329775871272 4 3 1 5 2 
30 7 3 1 13.0 4.95666931681561 3 5 1 4 2 
31 11 9 3 13.0 2.49498678826197 2 5 4 3 1 
32 5 3 5 13.0 1.093508590025401 3 5 1 4 2 
33 5 9 3 13.0 0.5940801750649727 3 4 2 5 1 
34 10 2 2 13.0 4.673780701110013 2 1 5 3 4 
35 1 3 4 13.0 1.6609185793723802 5 1 4 2 3 
36 3 8 1 13.0 3.2809508170504675 4 5 2 1 3 
37 8 1 3 13.0 1.8303697011325304 2 4 3 5 1 
38 8 4 2 13.0 1.0062868049876161 4 3 1 2 5 
39 7 12 1 13.0 3.812305185764629 3 4 5 2 1 
40 11 5 4 13.0 1.6987535974778456 2 5 4 3 1 
41 10 12 2 13.0 2.1600567452025676 3 5 4 1 2 
42 2 8 4 13.0 1.6557578988983486 3 4 1 2 5 
43 2 8 2 13.0 1.3269318259075429 1 2 4 3 5 
44 1 6 1 13.0 3.930247707296975 5 3 2 1 4 
45 2 4 5 13.0 3.48904509634992 3 1 4 2 5 
46 3 1 1 13.0 4.071982809151859 2 4 3 1 5 
47 6 5 2 13.0 0.2766024878290507 5 3 4 1 2 
48 6 9 2 13.0 4.430443098115678 3 5 2 4 1 
49 7 10 5 13.0 0.3877781130413066 1 2 3 5 4 
50 9 2 5 13.0 2.423186479628709 4 1 2 3 5 
51 2 1 3 13.0 1.2111617268013464 4 2 3 1 5 
52 8 1 4 13.0 3.792617484724868 4 5 3 1 2 
53 2 8 5 13.0 0.41739023117324914 4 5 3 1 2 
54 2 1 5 13.0 3.488418926236778 1 3 5 2 4 
55 4 9 3 13.0 2.7858630996586706 5 3 1 2 4 
56 8 3 5 13.0 3.349318759432462 4 1 3 5 2 
57 12 10 4 13.0 2.6333384381524976 2 1 3 5 4 
58 1 4 5 13.0 2.808202803755582 3 4 2 1 5 
59 7 8 3 13.0 4.540539130716079 5 3 1 4 2 
60 12 9 5 13.0 3.488097777330797 2 4 5 1 3 
61 10 5 5 13.0 4.536136974953842 3 2 1 4 5 
62 4 7 1 13.0 1.0021800179375417 5 3 4 1 2 
63 8 4 4 13.0 2.4560986397035176 3 1 4 2 5 
64 1 3 2 13.0 0.007724041742651067 1 2 3 4 5 
65 11 3 3 13.0 1.8274825697087986 3 2 5 4 1 
66 4 3 5 13.0 0.3526290982596836 3 1 4 5 2 
67 6 4 4 13.0 4.210877838966873 4 5 3 2 1 
68 7 5 1 13.0 1.125651277413473 3 5 2 4 1 
69 9 11 4 13.0 1.1860063831699015 1 2 4 3 5 
70 2 8 4 13.0 2.4854848260729816 4 5 3 1 2 
71 12 4 5 13.0 1.9777847231186252 3 4 1 2 5 
72 8 2 1 13.0 4.530887037344308 3 1 4 5 2 
73 12 11 2 13.0 4.837032175063312 1 5 4 3 2 
74 2 11 2 13.0 1.6600022817107674 3 1 5 4 2 
75 5 11 2 13.0 4.144956728458969 4 2 5 1 3 
76 11 1 5 13.0 1.1867844990553071 1 4 2 5 3 
77 1 6 1 13.0 2.2143057027176605 2 3 5 4 1 
78 1 7 5 13.0 3.316133294629189 4 2 1 3 5 
79 11 8 2 13.0 4.8550592846619125 3 4 5 2 1 
80 3 7 1 13.0 3.5229864984055386 4 5 1 2 3 
81 8 4 3 13.0 3.093879286848695 2 3 5 1 4 
82 8 1 4 13.0 0.430464063738461 3 2 5 1 4 
83 5 3 3 13.0 0.4865574604915829 5 3 2 4 1 
84 11 1 3 13.0 3.363371578159269 2 4 1 3 5 
85 10 5 2 13.0 4.4360574567833835 5 1 4 2 3 
86 11 2 4 13.0 0.09843141093001273 3 4 1 5 2 
87 10 8 5 13.0 4.440244135633078 1 2 3 5 4 
88 1 11 2 13.0 3.2587407887700155 2 5 4 3 1 
89 1 4 4 13.0 0.988299748155238 2 5 3 1 4 
90 1 7 1 13.0 3.0307921650759173 2 5 4 3 1 
91 6 4 3 13.0 1.152227918692173 1 3 2 5 4 
92 9 2 2 13.0 3.226970331583243 3 2 1 4 5 
93 10 5 5 13.0 3.8372891768415873 3 2 4 1 5 
94 4 7 3 13.0 1.1321415166288884 1 5 3 2 4 
95 2 7 5 13.0 3.0923774634092114 3 4 5 1 2 
96 6 12 5 13.0 4.262867173291684 2 3 5 1 4 
97 12 10 1 13.0 2.321842477493607 4 5 3 2 1 
98 6 11 4 13.0 4.286200427379273 4 5 2 3 1 
99 4 6 5 13.0 1.9905905862251734 4 1 5 2 3 
100 12 6 3 13.0 1.5816552123857957 2 3 1 5 4 
150
150
150
150
150
150
150
150
150
150
150
150
0 100 0 0 0 0 0 0 0 0 0 0 
100 0 0 0 100 100 0 0 0 0 0 100 
0 0 0 0 0 100 0 0 100 0 0 0 
0 0 0 0 0 0 100 0 0 100 100 0 
0 100 0 0 0 0 100 100 0 0 0 0 
0 100 100 0 0 0 100 0 0 0 0 0 
0 0 0 100 100 100 0 0 0 0 0 0 
0 0 0 0 100 0 0 0 0 100 0 0 
0 0 100 0 0 0 0 0 0 0 0 100 
0 0 0 100 0 0 0 100 0 0 100 0 
0 0 0 100 0 0 0 0 0 100 0 0 
0 100 0 0 0 0 0 0 100 0 0 0 
