5 100 12 0
18.74 6;22.06 9;12.54 6;16.19 2;11.71 5;
1 3 2 4 13.0 4.9331484164074935 5 3 1 4 
2 7 9 2 13.0 0.3649592399999052 5 3 1 4 
3 10 1 1 13.0 0.19505146142159757 1 5 3 2 
4 11 1 10 13.0 0.23139967443463305 3 1 5 2 
5 10 3 7 13.0 3.3453707929726626 2 3 1 4 
6 3 2 9 13.0 3.2315234899715204 1 4 5 2 
7 10 5 5 13.0 1.6998959477216091 5 2 1 4 
8 4 1 5 13.0 3.7573148499629108 5 1 3 4 
9 7 1 2 13.0 0.3792285285085406 2 1 5 3 
10 8 12 6 13.0 1.9921625900850466 4 3 1 5 
11 3 7 5 13.0 3.513047253421563 2 5 4 1 
12 8 2 10 13.0 2.0800572277674787 3 5 1 2 
13 10 4 10 13.0 4.419561990103419 1 2 4 3 
14 8 6 4 13.0 4.7650067986274065 1 3 5 2 
15 5 6 9 13.0 0.3213172711338158 2 3 5 4 
16 6 4 1 13.0 4.341033537911077 4 1 2 3 
17 5 2 8 13.0 4.414832885178105 3 2 5 1 
18 12 11 9 13.0 3.845164778827936 2 5 1 4 
19 1 12 9 13.0 3.3691575621936476 1 3 4 5 
20 5 4 4 13.0 3.40370396177412 5 3 4 1 
21 10 7 5 13.0 1.9514421686546024 3 1 4 2 
22 9 7 2 13.0 3.9907089659821677 2 5 1 3 
23 5 8 10 13.0 4.721402253397839 1 3 2 4 
24 6 3 3 13.0 0.7473690320571041 1 4 5 2 
25 6 7 4 13.0 3.745279342236531 5 1 2 4 
26 6 8 6 13.0 4.826341880810902 3 4 2 5 
27 11 4 5 13.0 2.8047399810140847 3 4 2 1 
28 11 10 1 13.0 0.17118459477018844 3 4 1 2 
29 1 10 7 13.0 2.104878687144632 1 5 2 3 
30 3 9 3 13.0 4.228696561075807 4 5 3 2 
31 10 2 5 13.0 1.5518828263386308 2 3 5 4 
32 1 11 6 13.0 4.1834495749177645 2 3 4 5 
33 8 6 10 13.0 1.8848933553260676 5 1 4 3 
34 11 12 6 13.0 3.9096268657624695 3 5 4 2 
35 10 7 6 13.0 2.5488505653495963 1 5 3 2 
36 10 2 2 13.0 1.9023586571678874 5 3 1 4 
37 3 11 4 13.0 2.1254574479228836 3 5 4 1 
38 9 3 1 13.0 0.6816637974196488 3 5 2 1 
39 12 1 2 13.0 3.8796451819971316 2 5 1 3 
40 12 8 9 13.0 0.5848382791233109 4 3 2 5 
41 3 11 2 13.0 0.5890798504296119 3 4 5 1 
42 3 6 10 13.0 3.864934932497312 4 3 5 1 
43 8 9 9 13.0 0.01574054388455537 3 2 1 5 
44 6 7 9 13.0 4.4903981102041115 1 5 3 2 
45 12 7 10 13.0 0.12442787610916328 4 3 5 2 
46 3 2 5 13.0 4.819261490696508 1 2 5 4 
47 8 1 8 13.0 0.6126303688853413 5 1 3 2 
48 2 8 5 13.0 3.718130635476451 2 5 1 4 
49 7 2 9 13.0 2.423291771430509 2 4 3 1 
50 3 4 6 13.0 2.6328884638219376 4 1 2 3 
51 4 10 3 13.0 4.490546824415898 4 2 5 3 
52 8 12 1 13.0 2.1819851196879396 2 1 5 3 
53 4 5 9 13.0 0.31993804650504554 5 4 1 2 
54 12 4 1 13.0 0.38308372947253144 3 1 4 5 
55 4 5 5 13.0 3.7078808141462174 3 1 4 5 
56 3 6 5 13.0 2.2462312876318964 4 1 3 5 
57 8 11 9 13.0 1.6270995177075935 4 5 2 1 
58 5 7 7 13.0 0.9807004000111597 5 4 3 1 
59 1 11 9 13.0 2.2814592336993322 5 1 3 2 
60 5 8 6 13.0 4.514319968692761 1 3 5 2 
61 7 4 10 13.0 0.25384929244874344 2 3 1 5 
62 1 7 2 13.0 1.155936495549309 1 2 5 3 
63 9 6 1 13.0 4.7684506069333645 4 3 2 1 
64 10 9 8 13.0 3.688766008942686 2 3 5 4 
65 11 4 6 13.0 2.4669469689600247 2 3 4 1 
66 6 9 5 13.0 0.3161401444061912 5 4 2 1 
67 10 7 10 13.0 1.8579778520112844 5 1 3 2 
68 4 3 9 13.0 2.2741245621283133 2 1 3 5 
69 3 6 5 13.0 1.197585363803468 1 5 3 4 
70 12 6 9 13.0 0.7961001540396256 5 3 2 4 
71 8 7 9 13.0 4.931808992608524 5 4 2 1 
72 12 6 5 13.0 1.3833416006651538 1 5 3 4 
73 9 7 3 13.0 3.983099331944212 1 4 3 2 
74 11 3 10 13.0 2.5692482503052134 4 2 1 3 
75 8 6 9 13.0 2.3369289581731394 2 3 1 4 
76 6 8 8 13.0 0.4452853288850489 4 3 5 1 
77 11 8 1 13.0 3.25160161308169 5 1 2 4 
78 9 10 8 13.0 3.0855871224457894 5 3 2 1 
79 10 6 6 13.0 4.274192518197942 5 4 1 3 
80 9 7 6 13.0 3.724449782733691 5 4 2 3 
81 1 2 7 13.0 0.7452293560986456 1 5 4 2 
82 10 5 5 13.0 1.4404784120025338 1 4 3 2 
83 3 7 3 13.0 1.8257162525834065 3 2 5 4 
84 1 12 4 13.0 3.9633569344851605 1 4 2 5 
85 11 5 8 13.0 2.318052954859833 5 1 4 2 
86 3 10 1 13.0 4.433215746899945 3 2 5 1 
87 1 9 7 13.0 0.6473249918088203 2 5 1 4 
88 6 5 5 13.0 4.29073710793176 2 4 3 1 
89 8 6 7 13.0 1.327789584983126 4 3 1 2 
90 2 5 2 13.0 4.716118489498437 3 1 5 2 
91 7 10 7 13.0 4.67539370269269 1 2 5 4 
92 3 11 8 13.0 1.9192968308350755 5 2 4 1 
93 4 11 3 13.0 2.1060616855302303 1 3 2 4 
94 6 11 1 13.0 2.186749239978576 1 2 3 4 
95 1 5 9 13.0 0.028142799706290522 4 2 5 3 
96 1 9 7 13.0 0.43911581469218974 3 1 5 2 
97 1 4 10 13.0 0.08289119434038372 5 3 2 4 
98 8 7 2 13.0 4.127035614720921 5 3 2 1 
99 4 3 1 13.0 3.290341315861705 3 5 4 1 
100 3 10 5 13.0 4.033785421371655 5 1 2 4 
300
300
300
300
300
300
300
300
300
300
300
300
0 220 0 0 0 0 0 0 0 0 0 0 
220 0 0 0 220 220 0 0 0 0 0 220 
0 0 0 0 0 220 0 0 220 0 0 0 
0 0 0 0 0 0 220 0 0 220 220 0 
0 220 0 0 0 0 220 220 0 0 0 0 
0 220 220 0 0 0 220 0 0 0 0 0 
0 0 0 220 220 220 0 0 0 0 0 0 
0 0 0 0 220 0 0 0 0 220 0 0 
0 0 220 0 0 0 0 0 0 0 0 220 
0 0 0 220 0 0 0 220 0 0 220 0 
0 0 0 220 0 0 0 0 0 220 0 0 
0 220 0 0 0 0 0 0 220 0 0 0 
