5 100 17 0
3.83 8;11.07 3;19.93 10;24.01 2;16.44 7;
1 5 12 10 13.0 1.6164582326624621 1 5 2 4 
2 3 7 10 13.0 1.6125114165638248 3 5 1 4 
3 5 14 7 13.0 0.26355025790888664 1 4 2 3 
4 9 14 10 13.0 0.6152360235821913 2 3 5 1 
5 17 10 8 13.0 2.5034453772195153 1 2 4 3 
6 2 16 3 13.0 1.741905768572255 4 5 2 3 
7 15 3 3 13.0 4.884299271510781 3 2 4 1 
8 11 4 10 13.0 2.4049666768643814 2 5 4 3 
9 15 4 2 13.0 3.4061984851529448 4 5 1 3 
10 6 16 3 13.0 2.2409141163250608 4 5 1 3 
11 10 5 8 13.0 3.2248622044789292 1 4 5 2 
12 11 14 1 13.0 3.2045226676627534 5 1 2 3 
13 5 17 3 13.0 0.6053074850554413 3 1 5 4 
14 9 15 7 13.0 1.673877799616913 4 3 2 5 
15 9 16 1 13.0 1.9597264390597746 5 4 2 3 
16 9 10 3 13.0 1.4013346882257323 5 3 1 2 
17 16 1 2 13.0 2.2069164106141743 4 1 3 5 
18 9 10 10 13.0 4.14633499911374 4 2 3 1 
19 10 6 10 13.0 0.2667121481261314 1 2 5 3 
20 15 6 9 13.0 3.318542391272464 2 1 4 3 
21 2 15 5 13.0 1.777029381795972 2 3 5 4 
22 15 1 6 13.0 0.2051360852936901 4 3 5 2 
23 5 15 6 13.0 0.5426657131491336 1 3 5 4 
24 16 2 8 13.0 3.3341226841022165 1 2 5 3 
25 17 3 10 13.0 1.4680073174366548 3 2 5 4 
26 3 13 8 13.0 3.5946690659896348 1 2 4 3 
27 16 5 1 13.0 1.336875051783513 5 3 2 4 
28 1 10 1 13.0 4.047518863625473 5 2 1 3 
29 10 9 4 13.0 0.13365159498214096 4 1 3 2 
30 13 17 2 13.0 3.187124282588039 2 3 5 4 
31 14 11 5 13.0 1.96610091310649 5 3 2 4 
32 4 3 5 13.0 3.2969591965625074 3 1 5 4 
33 5 9 5 13.0 2.033200018327261 3 5 4 2 
34 11 6 6 13.0 2.732747194023381 3 4 5 1 
35 7 5 3 13.0 1.103408257460412 1 4 5 2 
36 12 6 10 13.0 4.639882502360849 3 4 1 2 
37 11 5 5 13.0 3.162776037621703 2 3 4 1 
38 1 14 6 13.0 3.7677260311825513 2 1 3 4 
39 5 12 9 13.0 0.18192482582608305 1 3 2 5 
40 5 3 8 13.0 3.6917154232355105 5 2 3 4 
41 4 1 2 13.0 3.284629478534085 3 4 2 5 
42 4 8 3 13.0 0.39392073527960425 4 2 5 1 
43 12 5 8 13.0 2.9251066462784268 2 4 5 1 
44 13 7 4 13.0 3.071383513992776 5 2 1 4 
45 4 8 9 13.0 3.43857785636047 5 1 3 4 
46 7 8 8 13.0 2.2215706741027352 3 5 4 2 
47 6 8 1 13.0 4.873325882129349 1 4 5 3 
48 16 10 4 13.0 4.1013605140716685 5 1 2 4 
49 2 7 7 13.0 4.404684703727196 5 2 3 4 
50 14 10 3 13.0 0.5435712716541308 1 5 4 3 
51 13 4 9 13.0 3.407196521799584 5 4 2 1 
52 12 3 3 13.0 1.5543686531941021 5 3 1 2 
53 4 11 6 13.0 2.687900198945869 2 5 1 4 
54 2 14 1 13.0 1.1458651539004188 3 4 5 1 
55 13 17 9 13.0 0.7973712835077279 5 1 3 4 
56 10 2 8 13.0 2.539923387729253 1 2 3 5 
57 16 1 9 13.0 0.42498477327872874 2 4 5 3 
58 11 6 4 13.0 1.305990103500404 4 2 5 3 
59 2 7 3 13.0 2.0768562004062603 5 2 3 4 
60 2 6 5 13.0 3.1838131923703505 5 4 1 3 
61 8 9 2 13.0 0.17488008406348732 2 4 1 5 
62 1 17 4 13.0 2.592492549185836 3 1 2 5 
63 3 1 2 13.0 4.604346485409903 4 1 5 3 
64 6 11 5 13.0 1.1950380457080023 5 1 3 2 
65 13 12 2 13.0 3.339107312057599 1 3 2 4 
66 14 4 3 13.0 0.9596763669848091 1 5 2 3 
67 1 5 6 13.0 2.742055392808166 1 5 3 4 
68 9 7 4 13.0 0.07463913954590784 2 1 5 3 
69 9 1 9 13.0 4.235986717258934 4 2 5 3 
70 14 9 7 13.0 3.2645018737316485 3 1 2 5 
71 2 8 3 13.0 2.0678125636162905 2 1 3 5 
72 7 2 3 13.0 4.976473235781241 4 2 1 5 
73 17 4 6 13.0 2.6365068128520757 4 2 1 3 
74 14 11 1 13.0 4.1381138972870355 3 4 5 1 
75 6 2 2 13.0 0.044470560221281374 4 2 1 5 
76 6 11 2 13.0 3.017407546778339 4 1 2 5 
77 17 8 1 13.0 2.5758569283309973 3 1 2 4 
78 17 1 4 13.0 2.4101931996234134 5 2 4 3 
79 7 14 4 13.0 1.0184988085183544 1 2 5 3 
80 4 9 2 13.0 2.020725512041179 3 2 5 4 
81 9 3 4 13.0 2.519957476147364 1 4 3 2 
82 14 17 4 13.0 2.787440724206183 3 2 1 5 
83 17 14 8 13.0 1.4477878697244906 2 4 1 5 
84 14 17 3 13.0 3.2752652344495345 5 4 1 2 
85 17 12 9 13.0 2.9005674518800713 2 4 3 5 
86 3 17 1 13.0 0.8934352471885998 3 2 1 5 
87 15 9 4 13.0 2.2530086783060828 2 3 4 1 
88 14 17 5 13.0 2.173691988881545 2 3 1 5 
89 10 8 5 13.0 1.8402731244169424 1 3 5 2 
90 14 17 1 13.0 4.448487227671983 1 4 5 2 
91 11 12 6 13.0 3.3580112781830596 5 1 4 2 
92 9 8 2 13.0 0.9011757140783738 4 1 2 5 
93 2 5 10 13.0 0.3695062941337923 5 1 3 2 
94 4 6 5 13.0 4.826712216879892 4 1 3 5 
95 9 13 8 13.0 3.4802769705076435 5 3 2 1 
96 11 3 7 13.0 0.8533556842448442 4 2 5 3 
97 12 1 3 13.0 3.3762023375108132 1 5 3 4 
98 17 4 1 13.0 3.1087070097029574 3 5 1 2 
99 13 3 9 13.0 3.242922033968715 5 4 3 1 
100 4 12 5 13.0 0.16220898143635476 4 3 1 2 
350
350
350
350
350
350
350
350
350
350
350
350
350
350
350
350
350
0 200 200 0 200 200 0 0 0 0 0 0 0 200 0 0 200 
200 0 0 0 0 0 0 0 200 0 0 200 0 0 0 200 200 
200 0 0 0 200 200 0 0 0 0 0 0 0 0 0 0 0 
0 0 0 0 200 0 0 0 0 0 0 0 0 200 0 0 0 
200 0 200 200 0 0 0 0 0 0 0 0 0 0 0 0 0 
200 0 200 0 0 0 0 0 0 0 0 0 0 0 0 0 200 
0 0 0 0 0 0 0 200 200 0 0 0 0 0 0 0 0 
0 0 0 0 0 0 200 0 0 200 0 0 0 0 0 0 0 
0 200 0 0 0 0 200 0 0 200 0 0 0 0 0 0 200 
0 0 0 0 0 0 0 200 200 0 200 0 0 0 0 0 0 
0 0 0 0 0 0 0 0 0 200 0 200 0 0 0 0 0 
0 200 0 0 0 0 0 0 0 0 200 0 0 0 0 0 0 
0 0 0 0 0 0 0 0 0 0 0 0 0 200 200 0 0 
200 0 0 200 0 0 0 0 0 0 0 0 200 0 0 200 0 
0 0 0 0 0 0 0 0 0 0 0 0 200 0 0 200 0 
0 200 0 0 0 0 0 0 0 0 0 0 0 200 200 0 0 
200 200 0 0 0 200 0 0 200 0 0 0 0 0 0 0 0 
