5 100 28 0
5.71 6;4.05 5;1.18 3;8.18 10;8.69 8;
1 23 8 5 13.0 2.4347305145126796 2 1 4 5 
2 23 16 6 13.0 4.552506678655553 1 4 5 2 
3 13 11 6 13.0 3.005649222035224 1 2 3 5 
4 20 6 10 13.0 2.2144107575353518 2 4 1 5 
5 16 2 2 13.0 3.4574913024256633 3 4 1 5 
6 27 17 5 13.0 0.3855798527049076 3 5 1 4 
7 28 19 1 13.0 3.79110895389968 5 4 2 1 
8 26 18 10 13.0 0.9797971111070025 3 2 4 5 
9 9 28 9 13.0 1.0839304708089847 4 2 3 1 
10 28 14 5 13.0 4.520021968627787 2 3 4 5 
11 1 19 3 13.0 4.418191550221028 2 1 3 5 
12 2 22 1 13.0 1.1067711199529717 5 1 4 2 
13 8 10 2 13.0 1.3469160173308081 1 3 2 4 
14 6 13 2 13.0 0.6044145222609498 5 2 4 3 
15 15 7 6 13.0 0.7566674028601567 5 1 4 2 
16 5 14 4 13.0 1.605854669496476 2 3 5 4 
17 16 25 9 13.0 2.9676315178113803 4 2 3 5 
18 13 7 3 13.0 3.8969399024453413 1 4 2 5 
19 16 12 4 13.0 1.417123008926786 2 1 4 3 
20 23 18 8 13.0 2.1910778022485333 1 2 4 5 
21 3 19 8 13.0 4.578000139351638 2 5 1 3 
22 15 18 8 13.0 4.637449957161536 2 5 3 1 
23 8 13 3 13.0 2.788578859458843 4 3 1 5 
24 3 28 6 13.0 1.6474624802910731 4 2 5 3 
25 2 24 2 13.0 1.9135452669703001 2 4 1 5 
26 18 6 9 13.0 2.537269995021102 2 1 3 4 
27 28 2 9 13.0 2.4965304800150587 3 4 2 5 
28 13 18 6 13.0 3.706103521901716 2 3 5 4 
29 15 12 1 13.0 1.2478423563806706 3 5 1 4 
30 6 1 5 13.0 3.55248479080601 3 5 4 2 
31 15 26 5 13.0 1.0425024084333163 2 5 1 3 
32 2 19 2 13.0 1.8200606713721972 1 4 5 2 
33 7 22 9 13.0 2.591711573134035 5 2 1 4 
34 19 25 9 13.0 4.968864127442866 4 1 3 5 
35 14 6 9 13.0 4.2774538913351865 4 1 5 2 
36 7 26 5 13.0 4.064601997449102 3 4 1 2 
37 14 25 8 13.0 2.1498639460682245 2 1 5 4 
38 9 11 9 13.0 1.732975196584352 3 5 2 1 
39 25 6 8 13.0 3.1286114344684783 3 5 1 4 
40 10 12 1 13.0 2.4017604682392433 2 3 1 4 
41 14 23 2 13.0 1.5522375599669376 2 1 4 5 
42 8 10 10 13.0 3.95093031800611 3 5 4 1 
43 24 26 9 13.0 3.543713133141747 3 1 5 2 
44 7 8 10 13.0 1.550674101882445 5 4 1 3 
45 26 6 7 13.0 3.370761461571763 2 4 5 1 
46 22 21 9 13.0 2.302135155239362 1 3 5 2 
47 3 27 6 13.0 3.555789774159418 5 4 2 1 
48 11 16 9 13.0 1.9814632389320475 5 4 1 2 
49 23 22 10 13.0 0.765440839706118 1 2 3 4 
50 27 10 7 13.0 1.9037492619031093 1 3 4 2 
51 27 18 4 13.0 3.926329737860834 2 5 1 3 
52 4 15 4 13.0 4.8983377279693645 2 5 1 4 
53 5 4 9 13.0 3.0248124228941737 3 2 1 4 
54 15 23 4 13.0 4.900134212386534 4 2 3 1 
55 9 10 1 13.0 1.596904267120372 5 2 4 1 
56 25 9 6 13.0 0.04675277582174675 4 1 3 5 
57 15 16 6 13.0 0.4308282838288585 5 2 1 3 
58 9 18 4 13.0 0.07664437966964699 5 3 1 2 
59 7 13 4 13.0 3.632278611936117 5 1 2 4 
60 16 12 8 13.0 1.4012519046694987 4 3 1 2 
61 18 19 6 13.0 0.5050754398096696 3 5 2 4 
62 24 8 9 13.0 3.754689110881028 1 5 3 4 
63 20 3 8 13.0 1.498031285214187 2 5 3 1 
64 6 8 4 13.0 2.518830007037851 3 5 2 1 
65 17 12 10 13.0 3.9504342258905494 3 2 5 1 
66 24 15 10 13.0 4.521980824198787 5 1 4 3 
67 18 14 6 13.0 0.0890944219917933 3 1 2 5 
68 13 11 5 13.0 1.0707241267954315 1 2 4 3 
69 1 9 6 13.0 4.60217917630726 1 2 5 3 
70 6 3 6 13.0 0.3097623795574578 2 1 3 5 
71 26 11 1 13.0 1.9874941976110994 2 1 4 3 
72 1 28 3 13.0 2.608463582341993 3 5 2 4 
73 7 12 4 13.0 1.6639225956756105 3 5 1 2 
74 18 25 1 13.0 4.472387804731802 2 1 5 4 
75 2 25 4 13.0 2.4077338882565176 3 5 1 2 
76 9 17 3 13.0 2.956138338329808 1 2 3 5 
77 23 4 1 13.0 1.6822569076100513 5 3 1 4 
78 1 25 3 13.0 1.8316258866129114 5 3 4 2 
79 17 8 2 13.0 4.454833681463828 2 5 1 3 
80 19 14 4 13.0 4.089113328444382 2 4 5 3 
81 15 21 7 13.0 1.5766221295236404 4 1 2 5 
82 14 3 10 13.0 0.9426671207363058 3 2 1 4 
83 14 8 6 13.0 0.5423117748193734 2 5 4 3 
84 14 6 9 13.0 3.7433724043375682 4 1 5 2 
85 10 4 3 13.0 3.54143198379317 1 5 2 4 
86 9 14 9 13.0 1.7734789699357338 2 4 3 1 
87 2 20 6 13.0 1.1272498572301315 1 3 2 4 
88 7 15 5 13.0 1.9362268802510119 1 3 2 4 
89 5 13 9 13.0 2.114614907731838 5 2 3 1 
90 28 20 10 13.0 4.83868580274105 1 2 3 5 
91 27 26 1 13.0 0.9285982779343271 2 3 4 1 
92 24 21 1 13.0 3.6499702900251094 3 2 5 4 
93 19 9 5 13.0 2.3781203076733104 3 5 2 4 
94 21 15 10 13.0 2.5236736658795493 5 1 4 3 
95 24 19 7 13.0 0.7451004255679777 5 1 2 4 
96 10 2 4 13.0 3.8067911290129732 4 3 2 1 
97 25 20 6 13.0 0.2967926195496917 2 5 3 1 
98 4 28 7 13.0 1.6113673509074344 1 4 3 5 
99 18 22 1 13.0 1.7564514381358076 1 4 2 3 
100 18 11 9 13.0 3.2504193225028355 3 1 2 4 
180
180
180
180
180
180
180
180
180
180
180
180
180
180
180
180
180
180
180
180
180
180
180
180
180
180
180
180
0 0 0 0 0 0 150 0 0 0 0 150 150 150 0 0 0 0 0 0 0 0 0 0 0 0 0 0 
0 0 0 150 0 0 0 0 0 0 0 0 0 0 0 0 0 0 0 0 0 150 0 0 0 0 0 0 
0 0 0 0 0 0 0 0 0 0 0 0 0 0 150 150 0 0 0 0 0 0 0 0 0 0 0 0 
0 150 0 0 0 0 0 150 0 0 0 0 0 0 0 0 0 0 0 0 0 0 0 0 0 0 150 0 
0 0 0 0 0 0 0 0 150 0 0 0 150 0 0 0 0 150 0 0 150 0 0 0 0 150 0 0 
0 0 0 0 0 0 0 0 0 0 0 0 0 0 0 150 0 0 0 150 0 0 0 0 0 0 0 0 
150 0 0 0 0 0 0 0 0 0 150 0 0 0 0 0 0 0 0 150 0 0 0 0 0 0 0 0 
0 0 0 150 0 0 0 0 0 0 0 0 0 0 0 0 0 0 0 0 150 0 0 0 0 150 0 0 
0 0 0 0 150 0 0 0 0 0 0 0 0 0 0 0 0 0 150 0 0 0 0 0 0 0 0 0 
0 0 0 0 0 0 0 0 0 0 0 150 0 150 0 0 0 0 0 0 0 0 0 0 0 0 0 0 
0 0 0 0 0 0 150 0 0 0 0 0 150 0 0 0 0 150 0 0 0 0 0 150 0 0 0 0 
150 0 0 0 0 0 0 0 0 150 0 0 0 0 0 0 0 0 0 0 0 0 0 0 0 0 0 0 
150 0 0 0 150 0 0 0 0 0 150 0 0 0 0 0 0 0 0 0 0 0 0 0 0 0 0 0 
150 0 0 0 0 0 0 0 0 150 0 0 0 0 0 0 0 0 0 150 0 0 0 0 0 0 0 0 
0 0 150 0 0 0 0 0 0 0 0 0 0 0 0 0 0 0 0 150 0 0 0 0 0 0 0 150 
0 0 150 0 0 150 0 0 0 0 0 0 0 0 0 0 0 0 0 0 0 0 0 0 0 0 0 0 
0 0 0 0 0 0 0 0 0 0 0 0 0 0 0 0 0 150 0 0 0 150 0 0 0 0 0 150 
0 0 0 0 150 0 0 0 0 0 150 0 0 0 0 0 150 0 0 0 0 0 0 0 150 0 0 0 
0 0 0 0 0 0 0 0 150 0 0 0 0 0 0 0 0 0 0 0 0 0 150 0 0 0 0 0 
0 0 0 0 0 150 150 0 0 0 0 0 0 150 150 0 0 0 0 0 0 0 0 150 0 0 0 0 
0 0 0 0 150 0 0 150 0 0 0 0 0 0 0 0 0 0 0 0 0 0 0 0 150 0 0 0 
0 150 0 0 0 0 0 0 0 0 0 0 0 0 0 0 150 0 0 0 0 0 0 0 0 0 150 0 
0 0 0 0 0 0 0 0 0 0 0 0 0 0 0 0 0 0 150 0 0 0 0 0 0 150 0 0 
0 0 0 0 0 0 0 0 0 0 150 0 0 0 0 0 0 0 0 150 0 0 0 0 0 0 0 150 
0 0 0 0 0 0 0 0 0 0 0 0 0 0 0 0 0 150 0 0 150 0 0 0 0 0 150 0 
0 0 0 0 150 0 0 150 0 0 0 0 0 0 0 0 0 0 0 0 0 0 150 0 0 0 0 0 
0 0 0 150 0 0 0 0 0 0 0 0 0 0 0 0 0 0 0 0 0 150 0 0 150 0 0 0 
0 0 0 0 0 0 0 0 0 0 0 0 0 0 150 0 150 0 0 0 0 0 0 150 0 0 0 0 
