5 100 22 0
18.65 1;21.16 2;9.74 3;19.8 5;10.34 4;
1 7 9 1 13.0 0.5998927984774294 4 3 2 5 1 
2 2 16 2 13.0 3.9643429615461727 5 2 4 3 1 
3 9 10 2 13.0 2.140831262451189 2 4 1 3 5 
4 9 2 3 13.0 2.2347086971392467 1 5 4 2 3 
5 2 12 2 13.0 1.2604444846030565 5 2 4 1 3 
6 19 3 1 13.0 0.374008218252988 4 3 2 5 1 
7 19 11 5 13.0 2.215450478946379 4 1 3 5 2 
8 14 8 4 13.0 3.44977514534539 4 3 5 1 2 
9 8 15 3 13.0 1.9056790930814982 5 3 4 1 2 
10 12 14 4 13.0 2.06834482648081 5 1 3 2 4 
11 13 7 1 13.0 2.799170868910247 5 4 1 3 2 
12 20 6 3 13.0 1.6512592076620591 2 1 5 3 4 
13 17 8 1 13.0 0.5993161632331034 2 5 4 1 3 
14 9 15 5 13.0 4.5134849660468825 2 3 5 1 4 
15 7 2 2 13.0 1.7797596022399698 5 1 2 4 3 
16 8 13 1 13.0 0.7036517031411493 3 4 1 5 2 
17 1 11 5 13.0 1.9360727784092808 4 5 2 3 1 
18 14 3 5 13.0 2.4015596365658776 3 4 5 2 1 
19 21 13 4 13.0 0.460217257840711 3 5 2 1 4 
20 5 18 1 13.0 3.3378046299912807 2 5 1 3 4 
21 16 8 4 13.0 0.09810589752318966 2 3 1 4 5 
22 6 3 5 13.0 0.05726412400770653 5 2 3 4 1 
23 19 20 3 13.0 3.643174111811536 5 4 1 2 3 
24 13 12 2 13.0 0.6341986185001597 2 4 1 5 3 
25 4 21 5 13.0 4.831846734610768 1 5 4 2 3 
26 8 12 2 13.0 4.35536564420684 4 2 3 5 1 
27 15 2 1 13.0 0.6596503642127338 3 5 2 4 1 
28 4 5 3 13.0 3.8914412228308586 2 1 4 3 5 
29 18 20 1 13.0 3.4179684894583624 4 3 1 2 5 
30 15 19 1 13.0 4.353271443467762 3 4 1 5 2 
31 8 9 1 13.0 2.7776453153284164 1 3 4 2 5 
32 2 14 4 13.0 2.8909839794927517 2 5 1 4 3 
33 11 10 4 13.0 1.6084986305985294 5 1 3 4 2 
34 14 8 3 13.0 4.1773208447404535 5 1 4 2 3 
35 8 18 2 13.0 0.6453284786118391 2 1 3 4 5 
36 11 12 4 13.0 3.660828711546768 5 1 4 2 3 
37 9 11 4 13.0 3.460300138634072 3 4 5 1 2 
38 8 2 2 13.0 4.046622700701212 5 4 3 1 2 
39 8 20 2 13.0 4.807553867828476 3 5 2 1 4 
40 21 3 1 13.0 3.683358499075581 4 5 2 1 3 
41 19 22 3 13.0 2.928285317267214 2 3 5 1 4 
42 6 4 3 13.0 4.195956553755486 4 5 1 2 3 
43 14 19 2 13.0 0.42779244659581883 2 3 5 4 1 
44 11 15 1 13.0 4.07214349206455 1 5 4 3 2 
45 14 8 3 13.0 4.31343119029676 5 3 1 4 2 
46 21 5 4 13.0 3.3726424621339945 3 2 5 4 1 
47 21 10 4 13.0 2.6173446867164385 5 1 3 2 4 
48 14 4 4 13.0 0.3299673516082319 5 2 3 4 1 
49 20 18 1 13.0 2.9179233942521563 3 5 4 2 1 
50 8 3 2 13.0 2.5532181585960028 1 4 2 5 3 
51 8 21 5 13.0 1.8220901272025842 3 5 1 4 2 
52 14 21 4 13.0 1.2666978813653955 3 4 2 1 5 
53 10 13 2 13.0 0.1909431048525706 5 2 1 4 3 
54 2 14 5 13.0 2.414125862443251 2 3 1 5 4 
55 20 14 1 13.0 0.7629783625578695 3 5 1 4 2 
56 15 8 2 13.0 1.706026492174062 3 5 1 2 4 
57 10 7 3 13.0 1.4326291084198473 1 2 3 5 4 
58 18 4 5 13.0 2.919552893961657 2 1 4 5 3 
59 11 19 1 13.0 3.848068833499722 2 4 5 1 3 
60 18 14 4 13.0 0.26752837727577194 5 1 3 2 4 
61 21 10 2 13.0 4.164433698247728 5 3 2 4 1 
62 4 13 3 13.0 1.9543022593758097 2 3 4 5 1 
63 20 5 1 13.0 0.6143194260938856 3 4 2 5 1 
64 17 14 4 13.0 1.5463023490902987 5 1 4 2 3 
65 18 4 4 13.0 0.0943211872451577 1 3 4 2 5 
66 11 14 4 13.0 3.579638393002482 2 1 3 5 4 
67 16 2 1 13.0 1.9962821493605558 4 1 5 3 2 
68 9 5 4 13.0 0.9218323849128135 5 3 4 1 2 
69 9 14 5 13.0 3.7303272938848457 1 4 5 2 3 
70 14 1 1 13.0 1.1383698265391995 4 1 2 5 3 
71 1 8 2 13.0 1.3823374212772255 5 3 1 2 4 
72 20 6 1 13.0 4.9291780847733975 1 4 3 5 2 
73 6 20 5 13.0 3.1267693732902164 5 3 1 2 4 
74 14 15 5 13.0 2.690710784131263 4 1 5 2 3 
75 2 19 4 13.0 3.2823212924467478 3 5 4 1 2 
76 3 13 2 13.0 4.210771622647576 2 5 1 4 3 
77 16 6 4 13.0 4.779243757603863 2 4 1 5 3 
78 5 7 5 13.0 2.8609678404415613 5 1 2 3 4 
79 21 17 4 13.0 2.9894642468811847 1 2 3 4 5 
80 2 22 5 13.0 2.511735424907516 4 2 5 3 1 
81 4 9 5 13.0 1.2787267642988098 4 5 2 3 1 
82 18 3 4 13.0 2.865860742457823 5 4 2 3 1 
83 5 3 2 13.0 4.096719317215641 5 4 2 3 1 
84 19 3 5 13.0 1.8480329915890625 4 1 3 2 5 
85 7 19 1 13.0 0.8623157821911409 2 3 5 1 4 
86 14 15 5 13.0 3.37731684541559 4 1 2 5 3 
87 3 7 3 13.0 2.7862990207258402 2 4 5 3 1 
88 3 6 1 13.0 0.4522544609412721 5 4 3 1 2 
89 16 20 4 13.0 2.63920598859495 1 2 5 3 4 
90 3 15 4 13.0 4.159131281573772 1 4 3 5 2 
91 1 6 1 13.0 3.5912998792455526 4 5 2 1 3 
92 3 10 5 13.0 2.3061634689489523 2 1 4 5 3 
93 14 12 3 13.0 4.262022996981866 5 4 3 2 1 
94 13 5 4 13.0 3.9478278019647055 2 3 5 4 1 
95 17 13 4 13.0 4.594403367736189 1 5 2 4 3 
96 2 11 1 13.0 0.8356082632827927 3 4 5 1 2 
97 2 16 4 13.0 2.6755987836825508 5 3 1 4 2 
98 21 22 5 13.0 3.7482005850054563 1 3 4 2 5 
99 16 8 1 13.0 0.3943766671073734 2 3 4 1 5 
100 4 17 3 13.0 4.249485074086973 5 2 4 3 1 
100
100
100
100
100
100
100
100
100
100
100
100
100
100
100
100
100
100
100
100
100
100
0 0 70 0 70 0 0 0 0 70 0 0 0 0 0 70 0 0 0 70 0 0 
0 0 0 0 0 0 70 0 0 0 0 0 0 70 70 0 0 0 0 0 0 0 
70 0 0 0 0 0 70 0 0 0 0 0 70 0 0 0 0 0 0 0 0 0 
0 0 0 0 70 0 0 0 0 0 0 0 0 0 0 0 70 0 0 0 70 0 
70 0 0 70 0 0 70 70 0 0 70 0 70 0 70 0 0 0 70 0 0 0 
0 0 0 0 0 0 70 0 0 0 0 0 70 0 0 0 0 70 0 0 0 0 
0 70 70 0 70 70 0 0 0 0 0 0 0 70 0 0 0 0 0 0 0 70 
0 0 0 0 70 0 0 0 0 0 0 0 70 0 0 0 0 0 0 0 0 0 
0 0 0 0 0 0 0 0 0 70 0 0 0 0 0 0 0 0 0 70 0 0 
70 0 0 0 0 0 0 0 70 0 0 0 0 0 0 0 0 0 0 0 70 0 
0 0 0 0 70 0 0 0 0 0 0 0 0 0 0 0 0 0 0 0 0 70 
0 0 0 0 0 0 0 0 0 0 0 0 70 0 70 0 0 0 0 0 0 0 
0 0 70 0 70 70 0 70 0 0 0 70 0 0 0 0 0 0 0 0 0 0 
0 70 0 0 0 0 70 0 0 0 0 0 0 0 0 0 0 0 0 0 0 0 
0 70 0 0 70 0 0 0 0 0 0 70 0 0 0 0 0 0 0 0 0 70 
70 0 0 0 0 0 0 0 0 0 0 0 0 0 0 0 0 0 0 0 0 70 
0 0 0 70 0 0 0 0 0 0 0 0 0 0 0 0 0 0 70 0 0 0 
0 0 0 0 0 70 0 0 0 0 0 0 0 0 0 0 0 0 0 0 0 70 
0 0 0 0 70 0 0 0 0 0 0 0 0 0 0 0 70 0 0 0 0 70 
70 0 0 0 0 0 0 0 70 0 0 0 0 0 0 0 0 0 0 0 0 0 
0 0 0 70 0 0 0 0 0 70 0 0 0 0 0 0 0 0 0 0 0 0 
0 0 0 0 0 0 70 0 0 0 70 0 0 0 70 70 0 70 70 0 0 0 
