5 100 28 0
21.53 2;20.4 3;9.8 5;5.33 1;18.6 3;
1 3 17 5 13.0 2.612909643019216 2 1 5 3 4 
2 26 13 5 13.0 4.800900138903518 4 5 1 2 3 
3 27 11 1 13.0 3.084563253377202 2 5 4 3 1 
4 25 1 1 13.0 4.963134129477517 5 3 4 2 1 
5 6 24 2 13.0 2.2889727107348627 2 3 1 4 5 
6 10 27 3 13.0 3.397826820569079 2 4 3 5 1 
7 12 10 2 13.0 4.56624618886267 3 5 1 2 4 
8 27 14 1 13.0 3.2263001271540688 2 5 1 4 3 
9 11 9 2 13.0 3.411301123084933 1 5 4 3 2 
10 19 1 3 13.0 0.6622169395999755 2 4 1 3 5 
11 11 21 1 13.0 4.096920683719753 3 5 2 1 4 
12 13 6 3 13.0 2.157014707850518 3 2 1 5 4 
13 14 28 5 13.0 2.4605219883840608 3 4 2 1 5 
14 1 13 3 13.0 4.529519509311498 5 4 1 3 2 
15 2 20 2 13.0 4.29691937799692 5 4 1 2 3 
16 3 12 4 13.0 4.321885408504259 1 5 4 2 3 
17 20 13 1 13.0 4.84140472949362 3 2 1 5 4 
18 22 20 3 13.0 3.598613664440186 4 1 2 3 5 
19 8 21 2 13.0 0.5928369578940329 1 2 3 4 5 
20 27 15 2 13.0 1.0767154530911938 3 2 5 4 1 
21 11 20 1 13.0 1.1192500863235977 1 2 3 4 5 
22 3 26 4 13.0 0.013096621902248251 4 5 3 1 2 
23 2 7 1 13.0 0.3314115090063191 3 5 4 2 1 
24 9 24 2 13.0 1.5827577160324946 4 2 3 5 1 
25 12 18 2 13.0 0.5432662503667146 4 3 2 1 5 
26 28 1 3 13.0 1.3999995032753483 2 4 3 5 1 
27 8 5 2 13.0 2.0405078919170445 3 5 1 4 2 
28 18 14 3 13.0 0.6623159670985868 3 4 2 1 5 
29 7 21 2 13.0 2.4061454210008955 3 4 1 5 2 
30 5 9 5 13.0 3.7683165445484548 2 3 4 5 1 
31 7 28 5 13.0 4.486748974779086 3 4 5 2 1 
32 27 24 3 13.0 1.5240835128967944 4 3 1 2 5 
33 7 3 2 13.0 4.363303207126784 4 2 1 3 5 
34 9 11 4 13.0 2.063080655818213 2 1 5 3 4 
35 2 24 3 13.0 2.727884371477062 3 4 5 1 2 
36 6 5 3 13.0 1.440004860807601 5 1 3 2 4 
37 14 20 5 13.0 2.48967005848479 1 4 3 5 2 
38 10 8 3 13.0 4.948408858517378 5 4 2 3 1 
39 10 22 2 13.0 3.8990053140871517 2 4 1 3 5 
40 21 22 5 13.0 0.6035800811566455 2 4 5 3 1 
41 27 22 3 13.0 3.9164666283696543 2 1 5 3 4 
42 26 1 3 13.0 3.015259665866215 4 1 2 5 3 
43 22 19 1 13.0 2.6196005086767298 1 4 3 5 2 
44 9 26 3 13.0 0.7234405456377563 5 1 3 4 2 
45 12 28 1 13.0 1.348585392058606 4 2 1 3 5 
46 27 22 1 13.0 3.6799147268646255 1 4 3 5 2 
47 12 26 1 13.0 1.8978784754602207 5 1 4 2 3 
48 11 6 2 13.0 1.3946558759438166 3 4 5 2 1 
49 27 10 4 13.0 2.0216815729157585 3 1 4 5 2 
50 6 18 2 13.0 2.9711556476539114 3 1 4 2 5 
51 19 11 5 13.0 3.8670647525306516 2 3 4 1 5 
52 22 7 1 13.0 3.3497039492054332 1 2 3 4 5 
53 15 18 5 13.0 4.617115932881765 3 1 4 2 5 
54 24 4 2 13.0 3.6710253136833777 5 4 2 1 3 
55 13 17 4 13.0 4.081401787508054 1 4 5 2 3 
56 22 11 4 13.0 0.16591799129697216 4 1 2 5 3 
57 4 17 5 13.0 0.5537900135570445 2 4 5 3 1 
58 8 28 2 13.0 0.5947116423818788 4 3 1 2 5 
59 10 26 4 13.0 0.2794333532815191 1 5 4 2 3 
60 26 10 3 13.0 0.2836139104329283 2 4 5 1 3 
61 21 2 4 13.0 0.21218466318000395 5 3 1 4 2 
62 11 18 3 13.0 1.224148589789923 2 4 3 1 5 
63 1 4 5 13.0 2.4360186343936125 1 2 4 5 3 
64 13 12 5 13.0 4.234006433476869 1 3 4 2 5 
65 7 27 2 13.0 4.915734317338631 4 5 2 1 3 
66 2 15 1 13.0 1.505710854519129 3 5 2 1 4 
67 3 14 3 13.0 3.669259801692413 5 3 2 1 4 
68 4 1 2 13.0 2.5869802439112872 2 5 4 1 3 
69 18 19 2 13.0 3.4524845367356964 5 2 1 4 3 
70 10 11 4 13.0 1.7981292169227197 4 3 1 2 5 
71 20 14 4 13.0 2.862798631102836 2 5 1 4 3 
72 23 11 1 13.0 2.262730163131007 5 2 1 3 4 
73 17 26 1 13.0 4.797375588139573 5 3 1 4 2 
74 22 9 2 13.0 4.932196390007338 5 1 4 3 2 
75 10 3 1 13.0 2.319551482241696 3 4 1 2 5 
76 20 7 4 13.0 4.859265079705437 3 5 2 1 4 
77 21 14 2 13.0 0.5956344416099629 2 4 1 3 5 
78 20 24 3 13.0 2.0679955074470904 5 4 3 1 2 
79 1 8 1 13.0 4.56407532074888 2 5 1 3 4 
80 22 9 2 13.0 3.482448448211564 5 3 1 4 2 
81 20 8 3 13.0 3.5418454072768375 1 5 4 3 2 
82 11 5 5 13.0 2.9857227940737383 4 5 3 2 1 
83 20 1 4 13.0 0.6519563905578041 2 3 4 5 1 
84 24 8 3 13.0 0.794061059566103 5 4 1 3 2 
85 23 7 1 13.0 4.799785755690787 3 2 4 1 5 
86 3 10 4 13.0 0.9598348888509023 2 5 4 3 1 
87 2 21 2 13.0 0.55754764454998 2 3 1 5 4 
88 27 10 1 13.0 4.080653541242022 1 5 2 4 3 
89 18 4 1 13.0 1.475432819757669 3 5 2 4 1 
90 24 17 2 13.0 0.18340643346230034 4 2 1 3 5 
91 26 25 2 13.0 0.3507631571396158 2 5 1 4 3 
92 15 8 4 13.0 0.27697387745137747 5 2 1 4 3 
93 20 10 5 13.0 1.8650799158678288 4 1 5 3 2 
94 1 20 2 13.0 4.525821182824952 3 2 1 4 5 
95 22 11 3 13.0 0.9245436005705504 1 2 4 5 3 
96 26 27 3 13.0 1.9248959831397787 4 3 1 5 2 
97 9 25 3 13.0 0.25006925558401283 2 5 1 3 4 
98 19 10 1 13.0 2.6150095738901276 5 1 3 4 2 
99 6 24 5 13.0 4.652913548619898 1 2 4 5 3 
100 17 22 1 13.0 3.899333241603256 3 4 5 1 2 
90
90
90
90
90
90
90
90
90
90
90
90
90
90
90
90
90
90
90
90
90
90
90
90
90
90
90
90
0 0 0 0 0 0 80 0 0 0 0 80 80 80 0 0 0 0 0 0 0 0 0 0 0 0 0 0 
0 0 0 80 0 0 0 0 0 0 0 0 0 0 0 0 0 0 0 0 0 80 0 0 0 0 0 0 
0 0 0 0 0 0 0 0 0 0 0 0 0 0 80 80 0 0 0 0 0 0 0 0 0 0 0 0 
0 80 0 0 0 0 0 80 0 0 0 0 0 0 0 0 0 0 0 0 0 0 0 0 0 0 80 0 
0 0 0 0 0 0 0 0 80 0 0 0 80 0 0 0 0 80 0 0 80 0 0 0 0 80 0 0 
0 0 0 0 0 0 0 0 0 0 0 0 0 0 0 80 0 0 0 80 0 0 0 0 0 0 0 0 
80 0 0 0 0 0 0 0 0 0 80 0 0 0 0 0 0 0 0 80 0 0 0 0 0 0 0 0 
0 0 0 80 0 0 0 0 0 0 0 0 0 0 0 0 0 0 0 0 80 0 0 0 0 80 0 0 
0 0 0 0 80 0 0 0 0 0 0 0 0 0 0 0 0 0 80 0 0 0 0 0 0 0 0 0 
0 0 0 0 0 0 0 0 0 0 0 80 0 80 0 0 0 0 0 0 0 0 0 0 0 0 0 0 
0 0 0 0 0 0 80 0 0 0 0 0 80 0 0 0 0 80 0 0 0 0 0 80 0 0 0 0 
80 0 0 0 0 0 0 0 0 80 0 0 0 0 0 0 0 0 0 0 0 0 0 0 0 0 0 0 
80 0 0 0 80 0 0 0 0 0 80 0 0 0 0 0 0 0 0 0 0 0 0 0 0 0 0 0 
80 0 0 0 0 0 0 0 0 80 0 0 0 0 0 0 0 0 0 80 0 0 0 0 0 0 0 0 
0 0 80 0 0 0 0 0 0 0 0 0 0 0 0 0 0 0 0 80 0 0 0 0 0 0 0 80 
0 0 80 0 0 80 0 0 0 0 0 0 0 0 0 0 0 0 0 0 0 0 0 0 0 0 0 0 
0 0 0 0 0 0 0 0 0 0 0 0 0 0 0 0 0 80 0 0 0 80 0 0 0 0 0 80 
0 0 0 0 80 0 0 0 0 0 80 0 0 0 0 0 80 0 0 0 0 0 0 0 80 0 0 0 
0 0 0 0 0 0 0 0 80 0 0 0 0 0 0 0 0 0 0 0 0 0 80 0 0 0 0 0 
0 0 0 0 0 80 80 0 0 0 0 0 0 80 80 0 0 0 0 0 0 0 0 80 0 0 0 0 
0 0 0 0 80 0 0 80 0 0 0 0 0 0 0 0 0 0 0 0 0 0 0 0 80 0 0 0 
0 80 0 0 0 0 0 0 0 0 0 0 0 0 0 0 80 0 0 0 0 0 0 0 0 0 80 0 
0 0 0 0 0 0 0 0 0 0 0 0 0 0 0 0 0 0 80 0 0 0 0 0 0 80 0 0 
0 0 0 0 0 0 0 0 0 0 80 0 0 0 0 0 0 0 0 80 0 0 0 0 0 0 0 80 
0 0 0 0 0 0 0 0 0 0 0 0 0 0 0 0 0 80 0 0 80 0 0 0 0 0 80 0 
0 0 0 0 80 0 0 80 0 0 0 0 0 0 0 0 0 0 0 0 0 0 80 0 0 0 0 0 
0 0 0 80 0 0 0 0 0 0 0 0 0 0 0 0 0 0 0 0 0 80 0 0 80 0 0 0 
0 0 0 0 0 0 0 0 0 0 0 0 0 0 80 0 80 0 0 0 0 0 0 80 0 0 0 0 
