5 100 28 0
15.28 8;22.22 7;7.59 3;4.08 5;6.4 10;
1 7 17 1 13.0 0.4719769492908177 5 2 3 4 
2 25 2 2 13.0 0.12864199233684814 2 4 3 1 
3 23 14 10 13.0 1.0384116616419814 4 5 1 2 
4 26 27 6 13.0 3.405793731348932 5 4 2 3 
5 14 27 2 13.0 4.1977007321926445 2 4 1 5 
6 3 15 9 13.0 4.168525563046275 2 5 1 4 
7 1 20 7 13.0 1.5899379223826564 5 4 1 3 
8 3 17 2 13.0 2.295293321213184 2 4 1 5 
9 1 13 4 13.0 0.6604349092850004 5 2 3 1 
10 25 28 6 13.0 3.9061121834126706 2 1 5 3 
11 11 23 2 13.0 3.5063122476679336 3 2 1 5 
12 6 15 10 13.0 1.1217031628291112 3 2 4 1 
13 5 10 2 13.0 1.019668956000097 4 1 2 3 
14 21 11 10 13.0 0.547589985192512 1 2 3 5 
15 16 9 8 13.0 4.291778191925405 3 5 1 2 
16 19 4 2 13.0 0.7679006348875106 1 4 2 5 
17 2 12 5 13.0 0.8726798694023108 2 5 1 4 
18 13 1 7 13.0 1.2408876860890388 3 1 2 5 
19 27 13 1 13.0 3.4285660489689 4 3 5 2 
20 12 5 5 13.0 1.236088130156208 4 5 2 1 
21 20 21 7 13.0 2.853067560328968 3 2 5 4 
22 9 26 6 13.0 4.356234437892356 4 1 2 5 
23 15 4 7 13.0 3.9460363169882866 1 5 2 3 
24 22 1 2 13.0 0.2958089619880522 5 4 2 3 
25 26 25 1 13.0 2.747509501852025 3 1 2 5 
26 6 17 10 13.0 0.5979945902205469 1 2 4 5 
27 19 23 2 13.0 1.965672015042459 1 2 3 4 
28 26 16 5 13.0 0.777615845765714 3 5 4 1 
29 1 27 1 13.0 0.6024816488553897 2 1 4 3 
30 14 20 6 13.0 1.22364280489442 4 3 5 2 
31 9 19 8 13.0 0.9614905050126032 3 1 4 2 
32 11 12 4 13.0 3.552791844739851 2 3 1 5 
33 19 23 9 13.0 4.044014882498943 2 4 3 1 
34 2 4 7 13.0 3.003043500294165 5 2 3 1 
35 4 22 5 13.0 1.252257095160394 3 1 2 4 
36 26 4 6 13.0 1.373992566586832 5 3 2 4 
37 25 13 9 13.0 4.132129916108655 3 4 5 1 
38 27 7 1 13.0 4.675990849665309 1 4 3 2 
39 9 15 5 13.0 2.772129559901501 4 3 2 1 
40 3 1 2 13.0 2.380130530461612 2 5 3 4 
41 12 18 4 13.0 3.4506029542763432 2 3 5 4 
42 18 19 5 13.0 4.412327195356167 5 3 2 1 
43 27 14 2 13.0 0.9851066976644723 2 4 5 3 
44 1 2 2 13.0 2.333799146441331 5 4 2 3 
45 24 5 7 13.0 1.120775754932037 2 3 4 5 
46 1 9 9 13.0 2.1214759329645583 1 4 2 5 
47 5 25 9 13.0 1.4383768625343996 2 5 3 1 
48 28 6 3 13.0 2.956784580801582 2 5 4 1 
49 10 2 8 13.0 1.7327739990916657 5 1 2 3 
50 21 5 6 13.0 1.430397923950943 3 1 5 4 
51 14 6 6 13.0 2.6030011247801625 4 3 5 2 
52 6 12 6 13.0 1.5697418879479597 4 2 3 1 
53 15 12 4 13.0 0.6562436492245932 1 2 3 4 
54 4 7 9 13.0 2.123387113877495 2 4 3 5 
55 9 20 3 13.0 1.9623601892375975 2 4 5 3 
56 5 11 1 13.0 0.07491516665595388 4 5 2 3 
57 24 9 3 13.0 2.2433984326317886 3 2 1 4 
58 6 13 3 13.0 3.324018109870213 4 1 3 2 
59 6 17 1 13.0 1.925066821472634 4 3 2 5 
60 8 21 9 13.0 0.5803750689018322 2 5 4 3 
61 27 16 3 13.0 1.6946228192806405 1 3 4 2 
62 25 14 5 13.0 0.1311918102299714 2 4 3 1 
63 12 1 7 13.0 4.5140838440754765 3 4 2 5 
64 18 17 4 13.0 4.101928777764096 1 3 2 4 
65 11 28 5 13.0 3.4540693130323326 4 1 5 3 
66 15 12 3 13.0 1.7368700101947572 3 5 1 2 
67 24 5 8 13.0 3.3213766723932596 4 5 3 2 
68 23 4 7 13.0 3.791003794399545 3 1 5 2 
69 25 11 7 13.0 1.412087338507031 1 3 5 4 
70 16 27 8 13.0 4.3856945375234595 3 1 2 4 
71 7 13 8 13.0 2.048919515375113 4 2 5 3 
72 17 3 4 13.0 1.46483582093892 5 3 2 4 
73 8 1 8 13.0 0.8781237800613534 2 4 3 5 
74 10 4 8 13.0 0.27494790975296 4 3 1 2 
75 5 16 1 13.0 4.0807380015355825 4 5 3 1 
76 9 19 9 13.0 1.9182065682504996 2 1 4 5 
77 26 25 7 13.0 4.517062137699247 4 1 3 5 
78 28 13 8 13.0 2.5483186617543345 5 2 3 4 
79 3 25 10 13.0 2.205105351288486 3 2 5 4 
80 28 22 4 13.0 2.0448689853512074 4 3 1 2 
81 6 22 4 13.0 1.8547721893780422 3 2 1 4 
82 7 27 1 13.0 1.380848492776926 1 2 3 5 
83 28 17 6 13.0 0.6898756133507333 3 4 1 5 
84 16 1 6 13.0 2.3989553085372672 2 4 1 3 
85 4 27 8 13.0 0.5446182687346979 3 4 1 2 
86 26 11 6 13.0 4.197102029193966 4 2 1 3 
87 23 11 1 13.0 0.6887352446188028 2 3 4 1 
88 18 10 5 13.0 4.871123015667335 2 5 3 1 
89 19 8 1 13.0 0.6466744298232924 3 4 2 5 
90 12 20 3 13.0 1.9943462112135841 4 5 2 3 
91 22 4 9 13.0 1.9942623396872055 1 5 4 3 
92 28 27 2 13.0 3.2127281567813855 3 5 1 4 
93 11 6 2 13.0 4.044729440972221 3 2 5 4 
94 19 17 4 13.0 4.425114337829798 2 3 1 5 
95 1 25 7 13.0 1.110945146145178 5 2 4 1 
96 19 25 9 13.0 3.9824349173981743 4 1 5 2 
97 23 14 2 13.0 0.6920119835117411 4 5 1 2 
98 9 18 8 13.0 2.446937006420275 1 2 3 5 
99 12 1 2 13.0 4.4630483651161255 4 1 3 2 
100 27 23 10 13.0 3.18822620557699 5 2 3 1 
80
80
80
80
80
80
80
80
80
80
80
80
80
80
80
80
80
80
80
80
80
80
80
80
80
80
80
80
0 0 0 0 0 0 70 0 0 0 0 70 70 70 0 0 0 0 0 0 0 0 0 0 0 0 0 0 
0 0 0 70 0 0 0 0 0 0 0 0 0 0 0 0 0 0 0 0 0 70 0 0 0 0 0 0 
0 0 0 0 0 0 0 0 0 0 0 0 0 0 70 70 0 0 0 0 0 0 0 0 0 0 0 0 
0 70 0 0 0 0 0 70 0 0 0 0 0 0 0 0 0 0 0 0 0 0 0 0 0 0 70 0 
0 0 0 0 0 0 0 0 70 0 0 0 70 0 0 0 0 70 0 0 70 0 0 0 0 70 0 0 
0 0 0 0 0 0 0 0 0 0 0 0 0 0 0 70 0 0 0 70 0 0 0 0 0 0 0 0 
70 0 0 0 0 0 0 0 0 0 70 0 0 0 0 0 0 0 0 70 0 0 0 0 0 0 0 0 
0 0 0 70 0 0 0 0 0 0 0 0 0 0 0 0 0 0 0 0 70 0 0 0 0 70 0 0 
0 0 0 0 70 0 0 0 0 0 0 0 0 0 0 0 0 0 70 0 0 0 0 0 0 0 0 0 
0 0 0 0 0 0 0 0 0 0 0 70 0 70 0 0 0 0 0 0 0 0 0 0 0 0 0 0 
0 0 0 0 0 0 70 0 0 0 0 0 70 0 0 0 0 70 0 0 0 0 0 70 0 0 0 0 
70 0 0 0 0 0 0 0 0 70 0 0 0 0 0 0 0 0 0 0 0 0 0 0 0 0 0 0 
70 0 0 0 70 0 0 0 0 0 70 0 0 0 0 0 0 0 0 0 0 0 0 0 0 0 0 0 
70 0 0 0 0 0 0 0 0 70 0 0 0 0 0 0 0 0 0 70 0 0 0 0 0 0 0 0 
0 0 70 0 0 0 0 0 0 0 0 0 0 0 0 0 0 0 0 70 0 0 0 0 0 0 0 70 
0 0 70 0 0 70 0 0 0 0 0 0 0 0 0 0 0 0 0 0 0 0 0 0 0 0 0 0 
0 0 0 0 0 0 0 0 0 0 0 0 0 0 0 0 0 70 0 0 0 70 0 0 0 0 0 70 
0 0 0 0 70 0 0 0 0 0 70 0 0 0 0 0 70 0 0 0 0 0 0 0 70 0 0 0 
0 0 0 0 0 0 0 0 70 0 0 0 0 0 0 0 0 0 0 0 0 0 70 0 0 0 0 0 
0 0 0 0 0 70 70 0 0 0 0 0 0 70 70 0 0 0 0 0 0 0 0 70 0 0 0 0 
0 0 0 0 70 0 0 70 0 0 0 0 0 0 0 0 0 0 0 0 0 0 0 0 70 0 0 0 
0 70 0 0 0 0 0 0 0 0 0 0 0 0 0 0 70 0 0 0 0 0 0 0 0 0 70 0 
0 0 0 0 0 0 0 0 0 0 0 0 0 0 0 0 0 0 70 0 0 0 0 0 0 70 0 0 
0 0 0 0 0 0 0 0 0 0 70 0 0 0 0 0 0 0 0 70 0 0 0 0 0 0 0 70 
0 0 0 0 0 0 0 0 0 0 0 0 0 0 0 0 0 70 0 0 70 0 0 0 0 0 70 0 
0 0 0 0 70 0 0 70 0 0 0 0 0 0 0 0 0 0 0 0 0 0 70 0 0 0 0 0 
0 0 0 70 0 0 0 0 0 0 0 0 0 0 0 0 0 0 0 0 0 70 0 0 70 0 0 0 
0 0 0 0 0 0 0 0 0 0 0 0 0 0 70 0 70 0 0 0 0 0 0 70 0 0 0 0 
