5 100 12 0
19.12 1;14 9;24.94 4;19.81 3;5.22 7;
1 5 6 9 13.0 0.41213689486429617 2 3 5 4 
2 5 2 10 13.0 1.6367286924816227 1 2 3 4 
3 3 2 5 13.0 0.9342188264374379 4 1 5 2 
4 5 3 3 13.0 2.910059448774929 1 2 4 5 
5 11 4 7 13.0 3.9955682257248695 2 5 3 4 
6 10 2 5 13.0 3.967987613339905 4 3 5 1 
7 9 12 7 13.0 2.9550502686107523 2 1 4 5 
8 7 2 8 13.0 3.496157764892498 3 5 4 2 
9 12 4 10 13.0 3.135039474748919 2 1 3 4 
10 7 6 10 13.0 3.1371873157073016 5 3 4 1 
11 10 6 7 13.0 1.3391193346423687 3 5 4 1 
12 8 5 2 13.0 3.1289216518629708 2 1 4 5 
13 7 9 4 13.0 4.497297886224298 5 3 4 1 
14 12 3 6 13.0 1.0202314911010162 3 4 1 5 
15 10 9 5 13.0 2.512199032833931 1 2 3 5 
16 4 6 10 13.0 0.44460382071282945 1 4 2 5 
17 10 6 10 13.0 3.7664948739117445 1 2 5 4 
18 6 7 2 13.0 1.2633991611794193 5 3 2 4 
19 3 4 4 13.0 2.7549553677336744 2 4 1 3 
20 12 8 3 13.0 2.213959610990393 2 5 3 1 
21 9 12 8 13.0 0.060783939729464054 1 3 4 5 
22 11 10 9 13.0 1.6425725964159104 4 3 2 1 
23 6 7 1 13.0 2.7639866148034864 2 5 4 3 
24 3 4 10 13.0 2.943610130601926 1 3 2 4 
25 10 12 2 13.0 1.7491392614859165 5 2 3 1 
26 4 5 8 13.0 2.718973419234719 3 5 1 4 
27 4 2 9 13.0 4.981302275802221 1 5 2 3 
28 2 10 1 13.0 0.47316371180684547 5 1 4 3 
29 5 12 2 13.0 4.183972423446038 2 4 5 3 
30 9 10 2 13.0 4.830275723394906 2 4 1 3 
31 11 8 9 13.0 2.6178048276066073 3 5 1 2 
32 4 1 3 13.0 4.805191866272274 4 2 1 3 
33 2 9 4 13.0 1.6586820522043495 1 2 5 3 
34 12 5 6 13.0 0.8915932594460868 1 2 5 3 
35 6 7 1 13.0 3.287430509536443 5 4 3 2 
36 6 3 4 13.0 2.553112278878848 2 5 4 3 
37 3 12 4 13.0 3.7560233771849223 3 1 4 5 
38 5 1 10 13.0 4.377923947523873 1 2 4 5 
39 5 3 2 13.0 0.20620156184007532 3 2 1 5 
40 11 7 10 13.0 3.7890949043268045 2 4 5 3 
41 5 3 3 13.0 3.314036338318056 1 5 3 2 
42 10 1 4 13.0 1.6298279466370342 5 4 2 1 
43 4 11 2 13.0 1.4119455296020023 1 2 5 3 
44 10 7 9 13.0 2.8341660515501212 1 3 5 4 
45 3 1 10 13.0 0.16693579883739817 1 5 4 3 
46 11 10 7 13.0 1.3334881719112972 2 3 1 4 
47 12 9 3 13.0 3.062112796032039 5 1 4 3 
48 3 9 8 13.0 1.2027471652269428 5 4 1 3 
49 6 12 3 13.0 3.5070041868383233 3 1 5 2 
50 2 9 6 13.0 4.15401025050145 5 4 2 3 
51 4 10 6 13.0 1.8554219977214719 1 3 5 2 
52 12 5 3 13.0 2.608228721584687 1 2 4 3 
53 9 6 5 13.0 1.3203515909014247 3 2 4 5 
54 9 11 9 13.0 0.14176254137269362 2 4 3 1 
55 4 7 8 13.0 3.019882288311637 2 3 1 5 
56 10 6 9 13.0 2.142342633145196 1 3 2 4 
57 2 7 7 13.0 3.4705252313334674 5 3 2 1 
58 4 2 1 13.0 3.129417721300915 3 1 2 4 
59 7 9 8 13.0 2.046216975305988 3 5 1 2 
60 8 7 4 13.0 4.395446593654836 3 5 4 1 
61 12 2 3 13.0 3.009807218455543 5 4 3 2 
62 3 2 3 13.0 3.522320970024741 3 4 5 1 
63 12 11 7 13.0 4.837773819626616 3 1 4 2 
64 12 2 9 13.0 0.7519116005543247 3 4 1 5 
65 4 9 6 13.0 3.596501762284018 2 3 1 4 
66 7 8 2 13.0 1.1271076852310458 2 5 3 4 
67 9 8 6 13.0 1.5226840679958153 4 2 1 5 
68 3 4 3 13.0 3.096670425360652 2 4 5 3 
69 6 3 5 13.0 3.612849256456938 3 1 4 2 
70 7 3 4 13.0 2.915431281526773 2 1 5 3 
71 4 3 2 13.0 0.23262164242641825 4 2 1 3 
72 4 10 4 13.0 3.7870074532132225 3 1 4 2 
73 9 3 3 13.0 2.4636512408144764 3 2 1 4 
74 1 11 9 13.0 0.5925435494355186 3 5 2 4 
75 5 6 1 13.0 3.1336434633339167 4 1 3 2 
76 6 4 8 13.0 1.1540700462591746 5 1 3 2 
77 8 7 10 13.0 1.8433788593769795 5 2 3 4 
78 4 1 3 13.0 0.40367885348787824 4 2 1 5 
79 2 12 8 13.0 0.9131086041093667 2 3 1 4 
80 4 10 7 13.0 0.878124617554622 2 4 3 5 
81 3 11 9 13.0 3.999692440583251 3 5 2 4 
82 6 8 4 13.0 2.279462200144616 3 4 5 1 
83 6 3 3 13.0 0.09067851440496932 4 3 1 2 
84 11 4 9 13.0 0.9966460082484602 5 2 3 4 
85 6 2 9 13.0 4.797635666396096 3 2 5 4 
86 1 7 5 13.0 0.5095102939031176 4 5 1 3 
87 11 1 5 13.0 2.7487178517423967 1 2 3 4 
88 8 9 8 13.0 2.6294970049879822 4 5 3 1 
89 1 3 8 13.0 1.681816285764755 1 3 2 4 
90 5 3 3 13.0 4.451343433316702 1 5 4 3 
91 9 8 4 13.0 2.32654428930641 4 5 2 3 
92 9 10 7 13.0 2.7684980191344373 3 1 2 5 
93 4 5 3 13.0 1.764203037384156 1 3 4 2 
94 6 9 10 13.0 1.5616558618223748 3 1 2 5 
95 11 8 1 13.0 3.57453239545199 1 3 4 2 
96 3 12 2 13.0 4.745561689670846 3 5 1 4 
97 8 9 3 13.0 0.87550906355292 4 2 5 1 
98 3 7 8 13.0 4.677626439165215 5 3 1 2 
99 9 12 1 13.0 2.3168493590616484 2 3 1 4 
100 2 10 4 13.0 4.817339125994455 4 5 1 3 
150
150
150
150
150
150
150
150
150
150
150
150
0 100 0 0 0 0 0 0 0 0 0 0 
100 0 0 0 100 100 0 0 0 0 0 100 
0 0 0 0 0 100 0 0 100 0 0 0 
0 0 0 0 0 0 100 0 0 100 100 0 
0 100 0 0 0 0 100 100 0 0 0 0 
0 100 100 0 0 0 100 0 0 0 0 0 
0 0 0 100 100 100 0 0 0 0 0 0 
0 0 0 0 100 0 0 0 0 100 0 0 
0 0 100 0 0 0 0 0 0 0 0 100 
0 0 0 100 0 0 0 100 0 0 100 0 
0 0 0 100 0 0 0 0 0 100 0 0 
0 100 0 0 0 0 0 0 100 0 0 0 
