5 100 17 0
24.8 1;13.77 2;16.1 3;3.77 7;3.52 2;
1 16 6 7 13.0 0.04407788849683458 1 5 4 2 
2 2 7 3 13.0 2.04852477329798 4 2 5 3 
3 6 14 10 13.0 4.8930822464264585 1 2 4 3 
4 12 5 3 13.0 2.8775319208981482 2 5 1 4 
5 1 13 9 13.0 4.945915361645644 3 4 5 1 
6 13 8 2 13.0 4.747961159399424 4 3 5 2 
7 14 17 10 13.0 1.1707673655579998 4 3 5 1 
8 2 16 8 13.0 1.8921587583879784 5 3 1 2 
9 16 10 3 13.0 1.8364246787819032 3 1 4 2 
10 1 13 8 13.0 3.5272821595447907 3 1 5 2 
11 16 4 1 13.0 3.1034125917938566 2 5 1 4 
12 11 17 9 13.0 4.8638453207426995 3 4 1 5 
13 5 2 2 13.0 2.5559314272891207 1 5 4 3 
14 11 9 8 13.0 3.1097364129415683 4 2 5 3 
15 4 10 6 13.0 1.1216618613880636 2 3 4 5 
16 9 6 6 13.0 3.123047700693407 5 2 4 3 
17 4 5 6 13.0 1.8292665737348912 5 1 4 2 
18 16 7 4 13.0 3.304923413860987 4 5 1 3 
19 6 8 9 13.0 3.2335002351699975 3 2 5 4 
20 6 15 10 13.0 0.6357714810080295 5 2 3 4 
21 5 16 10 13.0 3.369807005851681 4 1 5 2 
22 12 10 1 13.0 4.363865888680513 2 3 5 1 
23 16 13 2 13.0 0.17728246211409893 3 2 4 5 
24 15 8 7 13.0 2.8026233276448815 2 4 5 3 
25 9 2 2 13.0 2.9882924487019222 5 1 4 3 
26 17 16 6 13.0 0.618831480506416 5 4 2 1 
27 4 6 8 13.0 4.265519320778078 2 1 4 5 
28 14 16 8 13.0 2.7755031170229882 2 3 5 1 
29 14 8 6 13.0 3.4446307833945946 2 4 1 3 
30 7 15 6 13.0 4.080862410417787 5 4 2 1 
31 3 11 1 13.0 3.148047907930245 2 4 3 5 
32 2 10 9 13.0 0.7951156554095373 2 3 5 4 
33 16 1 7 13.0 3.308824763114541 5 2 1 4 
34 7 10 7 13.0 2.809941623496508 2 5 1 3 
35 16 2 6 13.0 4.4822920183017985 1 2 3 4 
36 8 2 1 13.0 3.772133736733246 2 5 4 1 
37 13 12 3 13.0 1.4495347724782266 3 4 1 2 
38 2 7 9 13.0 2.9771500497576167 5 3 1 2 
39 5 13 9 13.0 2.296712892757074 4 2 3 5 
40 5 6 7 13.0 4.2373730721953 5 3 2 1 
41 3 12 8 13.0 4.604165921695207 2 4 5 1 
42 8 14 5 13.0 3.4883962287312915 3 4 2 5 
43 4 3 10 13.0 2.788168261971717 2 1 5 3 
44 8 14 10 13.0 0.7913062458705278 4 5 2 3 
45 5 4 2 13.0 0.10815097405120988 3 2 4 1 
46 17 10 3 13.0 4.998344423171453 1 2 5 3 
47 16 5 9 13.0 0.056520325823968265 4 5 3 1 
48 13 3 2 13.0 0.5565449270158934 4 3 1 2 
49 14 13 9 13.0 2.2672240934477723 4 2 5 1 
50 9 8 4 13.0 2.108713752960785 1 3 2 4 
51 8 13 3 13.0 1.7897702930200694 3 2 4 1 
52 8 4 6 13.0 1.580408391752914 3 5 2 4 
53 6 5 6 13.0 3.850681100055256 2 3 4 1 
54 2 13 1 13.0 4.025888397867472 1 4 5 2 
55 17 14 4 13.0 4.0059204912072985 4 3 1 2 
56 14 13 8 13.0 1.2143831196745376 3 1 2 5 
57 10 11 7 13.0 1.6303080351906274 5 1 3 2 
58 1 9 8 13.0 2.7340474538290014 2 5 1 4 
59 16 1 2 13.0 4.356139726296904 2 3 4 5 
60 9 1 10 13.0 4.726323490069342 4 1 2 5 
61 15 16 2 13.0 2.0898112592311033 5 3 4 2 
62 7 17 3 13.0 4.627858459903086 3 5 2 1 
63 13 17 3 13.0 4.224726880534863 4 5 1 2 
64 1 7 5 13.0 1.3863149818260139 2 3 5 1 
65 5 12 5 13.0 2.889608981204104 5 3 4 1 
66 15 16 3 13.0 3.0861356228906183 3 4 1 5 
67 9 10 1 13.0 4.518380910787776 5 1 3 4 
68 2 4 2 13.0 2.2707662685793997 5 4 1 3 
69 6 3 6 13.0 4.741111679646409 2 3 1 4 
70 10 1 1 13.0 2.4637844205668245 4 5 2 1 
71 3 4 7 13.0 2.332508145339011 4 1 3 2 
72 16 13 1 13.0 1.039211530553617 2 1 3 5 
73 15 8 8 13.0 0.9249215293062585 1 4 5 2 
74 10 6 9 13.0 0.6564483738611687 5 4 2 1 
75 6 13 3 13.0 2.544066178896929 5 4 3 1 
76 1 2 9 13.0 1.8279477213834971 5 2 1 4 
77 2 4 7 13.0 4.161668775924309 1 5 4 2 
78 7 11 5 13.0 0.046883804963118725 3 5 1 2 
79 13 16 4 13.0 4.230592734455064 3 5 2 1 
80 2 15 5 13.0 4.089813429032877 1 5 2 3 
81 9 5 1 13.0 2.803436870056707 3 5 2 1 
82 15 14 6 13.0 4.093234822514437 4 2 3 1 
83 14 5 2 13.0 4.273515900423774 2 5 4 1 
84 6 15 3 13.0 0.7033030528244194 3 4 2 1 
85 7 5 6 13.0 0.19799853329767414 1 2 5 3 
86 5 16 5 13.0 1.4673676478385493 2 4 3 1 
87 12 16 3 13.0 4.947413821552855 1 4 2 5 
88 9 5 10 13.0 4.499395666264835 1 3 4 2 
89 1 2 3 13.0 2.855431854729109 3 4 1 5 
90 12 11 9 13.0 3.122963735968835 1 5 2 4 
91 5 7 6 13.0 2.165873391327562 1 4 2 3 
92 11 7 4 13.0 4.386334343815974 4 5 3 2 
93 10 4 2 13.0 1.0864286081643093 1 4 3 5 
94 2 10 10 13.0 2.735956478708635 5 1 2 4 
95 9 7 5 13.0 3.7933938410586734 3 2 1 5 
96 7 16 7 13.0 3.931300930451633 1 3 4 5 
97 14 12 8 13.0 1.1638573803511887 1 4 5 3 
98 9 14 7 13.0 4.890612255233898 2 5 1 3 
99 15 14 8 13.0 2.149032096614622 5 3 1 2 
100 11 5 2 13.0 1.098743459250044 5 1 4 2 
200
200
200
200
200
200
200
200
200
200
200
200
200
200
200
200
200
0 100 100 0 100 100 0 0 0 0 0 0 0 100 0 0 100 
100 0 0 0 0 0 0 0 100 0 0 100 0 0 0 100 100 
100 0 0 0 100 100 0 0 0 0 0 0 0 0 0 0 0 
0 0 0 0 100 0 0 0 0 0 0 0 0 100 0 0 0 
100 0 100 100 0 0 0 0 0 0 0 0 0 0 0 0 0 
100 0 100 0 0 0 0 0 0 0 0 0 0 0 0 0 100 
0 0 0 0 0 0 0 100 100 0 0 0 0 0 0 0 0 
0 0 0 0 0 0 100 0 0 100 0 0 0 0 0 0 0 
0 100 0 0 0 0 100 0 0 100 0 0 0 0 0 0 100 
0 0 0 0 0 0 0 100 100 0 100 0 0 0 0 0 0 
0 0 0 0 0 0 0 0 0 100 0 100 0 0 0 0 0 
0 100 0 0 0 0 0 0 0 0 100 0 0 0 0 0 0 
0 0 0 0 0 0 0 0 0 0 0 0 0 100 100 0 0 
100 0 0 100 0 0 0 0 0 0 0 0 100 0 0 100 0 
0 0 0 0 0 0 0 0 0 0 0 0 100 0 0 100 0 
0 100 0 0 0 0 0 0 0 0 0 0 0 100 100 0 0 
100 100 0 0 0 100 0 0 100 0 0 0 0 0 0 0 0 
