5 25 30 88
2 40 12 ;1 20 50 ;5 100 50 ;2 50 12 ;2 30 50 ;
1 27 7 100.0 13.0 4.1531266249069905 3 5 
2 29 18 100.0 13.0 4.114280183552129 3 5 2 
3 2 25 50.0 13.0 1.2219761375550497 5 1 4 
4 3 24 100.0 13.0 1.1165858522803307 4 5 1 
5 27 13 100.0 13.0 2.661336113655823 3 5 
6 21 3 100.0 13.0 0.19580144686656642 1 5 4 3 
7 5 8 100.0 13.0 1.803941405255875 1 2 3 
8 3 2 50.0 13.0 1.1663607165112821 2 5 4 1 
9 3 28 100.0 13.0 1.4391694927512744 1 2 5 
10 21 3 100.0 13.0 4.875269275242276 1 5 
11 15 9 50.0 13.0 4.0368309973770256 5 1 3 2 4 
12 11 15 100.0 13.0 3.2336551877928272 3 4 2 
13 16 19 100.0 13.0 1.7369658693609513 4 2 3 5 1 
14 23 30 50.0 13.0 3.86232309861591 1 2 
15 6 12 100.0 13.0 0.06732746177074422 5 3 
16 6 27 50.0 13.0 0.2864041091931513 5 4 2 
17 15 6 50.0 13.0 0.11857130472023691 1 2 3 4 
18 18 28 50.0 13.0 4.424582350990931 1 2 5 
19 19 25 50.0 13.0 4.756970130631571 2 1 5 
20 17 16 100.0 13.0 1.769646764013495 4 5 1 2 
21 25 10 100.0 13.0 4.489111543885802 2 1 
22 13 30 100.0 13.0 2.328327359708553 2 1 3 
23 6 24 50.0 13.0 1.5796616432348298 5 1 
24 23 6 100.0 13.0 3.815813547698461 4 2 3 
25 17 13 50.0 13.0 1.975919083687148 1 4 2 
0.44
36 116 48000 ;5.52 
16 320 30 ;0.84 
8 160 15 ;0.42 
16 320 30 ;0.84 
32 6400 244 ;6.82 
8 1600 61 ;1.71 
8 160 61 ;0.67 
8 1600 61 ;1.71 
8 160 61 ;0.67 
36 116 48000 ;5.52 
32 640 60 ;1.68 
32 6400 244 ;6.82 
8 160 61 ;0.67 
16 3200 122 ;3.41 
32 640 244 ;2.66 
16 3200 122 ;3.41 
16 320 30 ;0.84 
32 6400 244 ;6.82 
8 160 15 ;0.42 
32 6400 244 ;6.82 
16 3200 122 ;3.41 
16 24000 122 ;2.76 
16 320 30 ;0.84 
36 116 48000 ;5.52 
16 3200 122 ;3.41 
16 320 30 ;0.84 
16 24000 122 ;2.76 
16 3200 122 ;3.41 
16 320 122 ;1.33 
16 24000 122 ;2.76 
0 0 0 0 0 0 0 1200 0 0 0 0 0 0 1600 0 0 0 1600 0 0 0 0 0 0 0 0 0 3000 0 
0 0 0 0 0 0 0 0 0 0 0 0 0 0 0 3000 0 0 0 0 0 0 0 0 0 0 0 1200 0 0 
0 0 0 0 0 0 0 0 0 0 0 5000 0 0 0 0 0 0 5000 0 0 0 0 0 0 0 0 0 0 0 
0 0 0 0 0 0 0 0 0 0 0 1200 0 0 0 0 0 1600 0 0 0 0 0 0 0 1600 0 0 0 0 
0 5000 0 0 0 0 0 0 0 0 0 0 0 0 0 0 0 0 0 0 0 0 0 0 0 0 0 0 0 0 
0 0 0 0 0 0 0 0 0 1200 0 0 0 0 0 0 0 0 0 0 0 0 0 0 0 0 0 0 0 0 
0 0 0 0 0 3000 0 0 0 5000 5000 0 1200 0 0 0 0 0 0 3000 0 0 0 0 0 0 0 0 0 0 
0 5000 0 0 0 0 0 0 0 0 0 0 0 0 0 0 0 0 0 0 1200 0 0 0 0 0 0 0 0 0 
0 0 0 0 0 0 0 0 0 0 0 0 0 5000 5000 1600 5000 0 0 0 0 0 0 0 0 0 0 5000 0 0 
0 0 0 0 0 0 0 0 0 0 0 1600 0 1600 0 0 0 0 0 0 0 0 0 0 0 0 0 0 0 0 
0 0 0 0 0 0 0 0 0 0 0 0 1600 0 1600 0 0 0 0 0 0 0 0 0 0 0 1600 0 0 3000 
0 2000 0 0 3000 0 0 0 0 0 1600 0 0 0 0 0 3000 0 0 1600 0 0 0 0 0 0 0 0 1200 0 
0 0 1600 0 1200 0 0 0 0 0 0 0 0 0 0 0 0 0 0 0 0 0 0 0 0 0 0 0 5000 0 
0 0 0 0 0 0 0 0 0 0 0 0 0 0 0 0 0 0 0 0 0 0 0 0 0 0 0 0 0 0 
0 0 0 0 0 2000 0 0 0 0 1600 0 0 0 0 1200 0 0 1200 0 0 0 0 0 0 0 0 0 0 0 
0 5000 0 0 0 0 0 0 0 0 0 0 0 0 0 0 0 0 0 0 1600 0 1600 0 0 0 0 0 0 3000 
0 0 0 0 0 0 0 0 1600 0 0 0 0 0 0 0 0 0 0 5000 0 0 0 3000 0 0 0 0 0 0 
0 0 0 0 5000 0 0 0 0 0 0 0 0 0 0 0 0 0 0 0 0 0 0 0 5000 0 0 0 0 0 
0 0 0 0 0 0 5000 0 0 0 0 0 0 0 0 0 2000 0 0 0 1200 0 0 0 0 0 0 0 0 0 
0 0 0 0 0 0 0 0 0 0 0 0 0 0 0 0 0 0 0 0 5000 0 3000 2000 0 0 0 0 0 0 
0 0 0 0 0 0 0 0 0 0 0 0 1600 0 0 0 0 0 0 0 0 0 0 0 0 0 1600 0 0 0 
0 0 0 0 0 0 0 0 0 0 0 0 0 0 0 1600 0 0 0 0 5000 0 0 0 0 0 0 1200 0 0 
0 0 0 0 1200 0 0 0 0 0 0 0 0 0 0 0 0 0 2000 2000 0 0 0 0 0 3000 0 0 1200 0 
0 0 0 0 0 0 0 1600 0 0 0 0 0 0 0 0 0 0 0 0 3000 0 0 0 0 0 0 2000 5000 0 
0 0 0 0 1600 0 0 0 0 0 0 0 0 0 0 1600 0 0 0 0 0 0 0 0 0 0 0 0 0 0 
1200 0 0 0 0 0 0 0 5000 0 0 0 0 0 0 0 0 0 0 0 0 0 0 0 0 0 3000 0 0 0 
0 0 0 0 0 0 0 1600 0 0 0 0 0 0 0 0 0 0 0 0 0 0 0 0 0 0 0 0 0 0 
0 0 0 0 0 1200 0 0 0 3000 0 0 0 0 0 0 0 0 0 0 0 0 0 0 0 0 0 0 0 0 
0 0 0 0 0 0 0 1600 0 5000 5000 0 0 0 0 0 0 0 0 0 0 0 0 0 0 1200 0 0 0 0 
0 0 0 0 0 0 3000 0 0 0 0 0 0 0 0 0 0 0 0 0 0 2000 0 0 0 0 0 0 5000 0 
