5 100 12 0
24.88 4;16.97 2;18.38 2;16.62 3;5.27 10;
1 7 5 1 13.0 0.5583022106914631 4 5 2 3 1 
2 4 9 2 13.0 4.388193430133926 1 3 5 2 4 
3 8 9 5 13.0 4.910579414766879 2 1 3 4 5 
4 6 2 4 13.0 0.7652765801435546 3 2 5 4 1 
5 11 9 2 13.0 3.902516552326914 4 2 1 3 5 
6 5 2 1 13.0 1.8125068921018643 5 3 4 2 1 
7 8 12 3 13.0 4.923880263889957 4 5 1 3 2 
8 8 11 3 13.0 1.887125390092006 1 2 5 3 4 
9 5 3 5 13.0 0.2229157976435292 2 4 5 1 3 
10 2 11 10 13.0 3.6440578346246784 4 1 5 3 2 
11 6 9 10 13.0 3.5373560468924397 5 2 1 3 4 
12 9 12 8 13.0 4.258077949050859 4 3 1 2 5 
13 5 6 2 13.0 4.950177409865142 4 3 5 1 2 
14 7 4 2 13.0 4.6543200510012674 5 2 4 3 1 
15 8 11 9 13.0 2.430042712797072 4 5 3 2 1 
16 7 4 4 13.0 4.557440555056312 2 1 5 3 4 
17 1 5 6 13.0 0.2627552728956445 4 5 2 3 1 
18 3 12 2 13.0 0.7035189745761083 1 5 2 4 3 
19 4 7 3 13.0 4.668175601153459 5 3 1 4 2 
20 2 10 9 13.0 3.5454075756466317 1 2 3 4 5 
21 2 11 4 13.0 3.11530408864406 1 3 4 2 5 
22 10 9 7 13.0 4.554372781494256 3 5 4 2 1 
23 7 12 2 13.0 0.756022129268325 2 5 3 4 1 
24 10 2 4 13.0 4.750394235966827 3 4 2 5 1 
25 3 7 1 13.0 3.6159612884304075 1 4 5 2 3 
26 2 11 7 13.0 3.160680887855547 4 2 3 1 5 
27 7 4 2 13.0 0.42372328870541653 3 5 4 2 1 
28 8 9 9 13.0 3.3912234632136222 4 5 1 2 3 
29 12 7 3 13.0 3.877760987270178 1 5 3 2 4 
30 5 4 4 13.0 1.5022084292815352 2 1 3 5 4 
31 7 4 7 13.0 4.874165765989221 5 1 4 2 3 
32 1 10 4 13.0 1.8691555689618822 4 5 1 3 2 
33 7 3 10 13.0 4.713485268769087 4 1 3 5 2 
34 12 2 8 13.0 0.8427311073617261 4 1 3 2 5 
35 10 5 1 13.0 2.0100359161900325 3 4 5 1 2 
36 6 7 9 13.0 2.3570004969741105 1 5 2 4 3 
37 8 3 1 13.0 0.8152516848207686 4 1 2 3 5 
38 5 2 4 13.0 3.6377107939512032 2 3 5 4 1 
39 3 7 4 13.0 0.8024731686200021 4 1 3 2 5 
40 5 4 7 13.0 3.4690343665608703 3 2 1 5 4 
41 12 5 4 13.0 1.6616337635388856 1 4 5 2 3 
42 2 8 10 13.0 0.8893173377302932 2 3 5 1 4 
43 5 11 6 13.0 3.930169256519864 1 2 3 4 5 
44 6 11 9 13.0 1.2068358418822567 5 1 2 4 3 
45 5 2 9 13.0 3.9074349486416518 3 5 1 2 4 
46 9 12 1 13.0 0.5317515638334774 3 1 4 5 2 
47 8 9 9 13.0 1.4005655144537426 4 2 3 5 1 
48 1 11 2 13.0 4.580903885605476 1 3 5 2 4 
49 2 5 10 13.0 0.9534918722100294 2 5 3 1 4 
50 1 7 3 13.0 2.9452016611397975 1 2 3 5 4 
51 11 12 2 13.0 1.046936047556828 3 4 5 1 2 
52 7 11 3 13.0 1.3881914139090306 1 3 4 5 2 
53 10 2 1 13.0 3.5246420651022254 2 3 4 5 1 
54 6 12 4 13.0 4.908630860083113 2 5 4 3 1 
55 11 3 4 13.0 3.6001944659971152 1 3 5 4 2 
56 12 8 8 13.0 3.811911806989773 5 2 4 1 3 
57 3 9 5 13.0 3.1347753188873146 1 5 3 4 2 
58 5 1 1 13.0 3.418324222542494 3 4 5 1 2 
59 10 3 6 13.0 4.230814819736185 2 3 5 4 1 
60 11 4 9 13.0 2.4783758798776234 4 1 5 3 2 
61 8 10 7 13.0 3.81082906728369 2 1 5 4 3 
62 5 7 7 13.0 1.3787095867273313 3 1 4 5 2 
63 2 12 5 13.0 3.30103111329493 4 2 3 1 5 
64 9 1 10 13.0 0.8340055503600635 4 5 2 1 3 
65 7 5 2 13.0 2.5363803809303636 4 1 3 5 2 
66 1 8 1 13.0 3.2014460117144887 2 5 4 1 3 
67 8 5 5 13.0 1.6660551102233372 1 5 4 3 2 
68 1 5 7 13.0 0.37916660622426046 4 3 1 5 2 
69 9 4 5 13.0 1.5522675271843407 2 5 1 4 3 
70 6 12 2 13.0 0.44539062745515945 2 4 5 1 3 
71 5 2 7 13.0 0.10368271793296024 4 5 2 3 1 
72 5 3 2 13.0 4.6621035384279095 1 5 2 4 3 
73 2 11 1 13.0 2.753518087190314 5 4 2 1 3 
74 12 2 5 13.0 2.2265395377178034 2 4 5 1 3 
75 6 2 8 13.0 3.2329170803522205 5 1 3 2 4 
76 8 9 4 13.0 1.4253304255481587 1 3 5 2 4 
77 1 5 7 13.0 0.7522639808691339 5 2 1 3 4 
78 10 11 3 13.0 3.4181897517605577 5 1 2 3 4 
79 3 8 9 13.0 0.7309305693624973 5 1 3 4 2 
80 7 11 9 13.0 1.9460884152591063 3 1 2 4 5 
81 5 3 8 13.0 1.0140442420123645 4 3 2 5 1 
82 4 3 6 13.0 2.912436694727512 5 3 2 4 1 
83 9 4 1 13.0 0.40858740838883856 4 2 1 3 5 
84 11 9 10 13.0 2.0216268994406574 3 5 1 4 2 
85 12 1 10 13.0 3.04361002153978 5 1 3 2 4 
86 1 2 10 13.0 3.065556730798037 1 4 3 5 2 
87 2 7 6 13.0 3.2203200602715736 2 1 5 4 3 
88 10 4 9 13.0 0.17437694003856197 1 3 5 2 4 
89 7 12 5 13.0 0.6355910062119807 5 1 3 2 4 
90 9 8 1 13.0 2.875117939949079 1 5 3 4 2 
91 9 1 3 13.0 0.3870759547314817 3 5 1 2 4 
92 11 5 9 13.0 0.5366369919009073 5 1 3 2 4 
93 12 5 7 13.0 4.898546592432092 2 3 4 5 1 
94 9 10 3 13.0 4.647777665992294 1 2 4 3 5 
95 6 2 7 13.0 2.6468219720447514 4 3 1 2 5 
96 8 9 8 13.0 3.0119603162274284 1 2 3 5 4 
97 5 3 6 13.0 3.6328711800338684 3 5 1 2 4 
98 7 3 8 13.0 3.060039617114865 5 1 4 3 2 
99 5 2 1 13.0 1.5308024933147057 4 5 1 3 2 
100 8 1 1 13.0 2.2914192458170692 4 5 3 2 1 
400
400
400
400
400
400
400
400
400
400
400
400
0 400 0 0 0 0 0 0 0 0 0 0 
400 0 0 0 400 400 0 0 0 0 0 400 
0 0 0 0 0 400 0 0 400 0 0 0 
0 0 0 0 0 0 400 0 0 400 400 0 
0 400 0 0 0 0 400 400 0 0 0 0 
0 400 400 0 0 0 400 0 0 0 0 0 
0 0 0 400 400 400 0 0 0 0 0 0 
0 0 0 0 400 0 0 0 0 400 0 0 
0 0 400 0 0 0 0 0 0 0 0 400 
0 0 0 400 0 0 0 400 0 0 400 0 
0 0 0 400 0 0 0 0 0 400 0 0 
0 400 0 0 0 0 0 0 400 0 0 0 
