5 100 28 0
8.55 1;17.1 6;4.32 4;1.03 7;22.77 9;
1 3 26 7 13.0 2.7524141613901016 3 2 4 1 5 
2 1 9 10 13.0 0.48775423292354514 4 1 5 2 3 
3 16 27 8 13.0 0.5587421500306522 5 4 3 2 1 
4 1 17 7 13.0 2.750927166343699 2 1 4 5 3 
5 9 6 1 13.0 1.9971635043475588 5 3 4 1 2 
6 14 2 3 13.0 0.5357637494436662 5 3 4 2 1 
7 28 11 6 13.0 3.5034571464276585 5 1 3 2 4 
8 27 24 1 13.0 1.2736480334465838 5 4 2 3 1 
9 3 24 5 13.0 4.3562416410850755 2 3 4 5 1 
10 6 24 1 13.0 2.1733779693527806 1 2 5 4 3 
11 18 22 9 13.0 0.22509167865373603 1 2 5 3 4 
12 23 24 6 13.0 1.7816249098763115 3 1 4 2 5 
13 18 10 9 13.0 4.539835816158625 3 4 1 5 2 
14 21 16 6 13.0 4.38127699441167 1 4 2 5 3 
15 19 15 8 13.0 2.471058146564316 1 2 3 5 4 
16 8 21 3 13.0 4.393779360389331 3 2 1 4 5 
17 17 5 8 13.0 0.4541481250364171 5 3 4 2 1 
18 8 4 8 13.0 3.7811700634586645 2 3 4 5 1 
19 6 17 7 13.0 0.7989911654189247 3 2 1 4 5 
20 10 28 3 13.0 3.3417170336749247 1 4 2 3 5 
21 12 15 4 13.0 0.2686452609109641 3 1 5 4 2 
22 3 23 4 13.0 2.6437015407916076 2 1 3 5 4 
23 14 3 1 13.0 1.3694443334091866 3 1 5 4 2 
24 9 2 9 13.0 3.238804119813541 2 5 4 1 3 
25 7 6 7 13.0 4.791157121906634 2 3 1 5 4 
26 23 5 3 13.0 1.1907020335346958 3 5 4 2 1 
27 23 12 4 13.0 3.3989220602740797 5 3 2 1 4 
28 25 15 2 13.0 3.791403205605475 5 2 3 4 1 
29 25 6 8 13.0 0.2216625306243425 5 3 2 1 4 
30 23 18 10 13.0 1.1081685385327296 3 4 1 5 2 
31 6 3 10 13.0 0.8069286318730273 4 5 3 2 1 
32 25 7 5 13.0 0.661908709707057 2 3 4 1 5 
33 10 14 4 13.0 3.340227526920766 5 2 3 4 1 
34 26 7 7 13.0 3.834465174575179 1 3 2 5 4 
35 22 15 1 13.0 1.6950958744616174 3 1 2 5 4 
36 19 6 4 13.0 3.7652925585174635 4 1 2 5 3 
37 12 6 9 13.0 3.6663946751701895 4 2 1 5 3 
38 16 4 4 13.0 0.14278967837161427 1 5 3 2 4 
39 7 20 7 13.0 0.9569191576509078 4 2 5 3 1 
40 2 13 4 13.0 0.2948764284922406 2 3 5 4 1 
41 12 15 8 13.0 2.6674919953845944 4 2 3 5 1 
42 25 23 5 13.0 3.3484604540119163 2 1 3 5 4 
43 9 8 4 13.0 1.6333614013660753 5 3 2 1 4 
44 19 1 7 13.0 1.1183521293021836 5 4 3 2 1 
45 3 22 1 13.0 3.1135700992914717 2 1 3 5 4 
46 18 6 6 13.0 2.635598881331 4 1 2 5 3 
47 13 12 7 13.0 0.33259178414484614 1 2 5 3 4 
48 5 21 10 13.0 1.5225722820205179 5 1 2 4 3 
49 1 18 1 13.0 2.3158986738975913 1 2 5 3 4 
50 7 9 6 13.0 0.22801929354558048 3 4 2 5 1 
51 16 13 9 13.0 4.722720023908438 4 2 1 5 3 
52 11 2 3 13.0 1.3291611961358636 5 4 3 1 2 
53 12 27 7 13.0 2.978993341417402 1 4 2 5 3 
54 26 20 9 13.0 1.3009700156504478 2 1 5 3 4 
55 1 5 1 13.0 1.8157957154081716 1 2 5 4 3 
56 25 14 9 13.0 2.826066153999409 1 5 4 3 2 
57 22 15 3 13.0 0.9507288317584411 2 4 3 5 1 
58 3 16 7 13.0 1.550653773224972 1 2 5 4 3 
59 14 19 1 13.0 3.853079166343394 3 4 2 1 5 
60 22 4 7 13.0 2.111306606474905 3 1 2 4 5 
61 18 8 7 13.0 0.5877965854218764 2 5 4 1 3 
62 2 28 1 13.0 4.599590663164231 4 1 2 5 3 
63 12 28 9 13.0 2.4379005024896045 3 4 1 5 2 
64 23 6 4 13.0 4.768211745080421 4 2 1 3 5 
65 21 7 7 13.0 1.7490441868829276 2 3 4 1 5 
66 19 15 3 13.0 4.18599917430981 4 2 5 3 1 
67 8 13 3 13.0 3.4643385650458 2 3 5 1 4 
68 1 8 2 13.0 4.345966808189195 4 5 2 1 3 
69 9 14 5 13.0 1.2256442138012607 2 4 5 1 3 
70 15 28 5 13.0 0.4741139687160312 3 2 1 5 4 
71 1 20 9 13.0 3.4681303061187316 2 1 4 3 5 
72 6 20 10 13.0 1.287249440374113 5 1 3 4 2 
73 3 22 7 13.0 3.5682950901193755 2 5 1 4 3 
74 5 13 7 13.0 2.2734041885806233 1 2 4 5 3 
75 8 5 10 13.0 4.672218439065889 2 4 1 5 3 
76 22 6 4 13.0 3.940743953172322 2 1 4 5 3 
77 2 16 7 13.0 0.5322675331797044 4 5 1 2 3 
78 24 11 9 13.0 4.501777611794384 5 2 3 1 4 
79 20 24 8 13.0 3.624197790791751 4 1 2 5 3 
80 2 22 5 13.0 4.612211853742427 5 1 3 4 2 
81 10 24 2 13.0 3.1181475456775214 5 4 2 1 3 
82 13 3 1 13.0 2.697322431303328 3 1 4 2 5 
83 4 3 8 13.0 0.7442825925390639 5 2 1 3 4 
84 18 21 3 13.0 4.924083675559249 2 1 3 4 5 
85 11 26 3 13.0 0.7841428600225864 4 5 3 1 2 
86 8 17 3 13.0 3.0350693670458844 1 4 3 2 5 
87 24 23 4 13.0 4.255937726713184 4 5 2 3 1 
88 28 26 8 13.0 1.7485230555793008 4 1 5 2 3 
89 5 11 9 13.0 3.534018229616138 4 3 1 5 2 
90 1 5 7 13.0 4.768238156175951 1 5 3 2 4 
91 22 20 6 13.0 4.6830302068089855 3 1 4 2 5 
92 28 27 7 13.0 1.5476857239288178 5 2 3 1 4 
93 24 11 1 13.0 4.488034985513767 4 1 2 5 3 
94 1 3 6 13.0 0.9025598448457717 3 4 1 2 5 
95 27 20 2 13.0 0.7232616441987688 5 2 1 3 4 
96 7 16 3 13.0 4.081852853641078 1 5 4 3 2 
97 20 14 2 13.0 0.15008887014101246 3 4 2 1 5 
98 8 12 4 13.0 3.042571878689197 3 1 5 4 2 
99 10 9 7 13.0 3.0369159819781197 3 2 4 1 5 
100 21 17 2 13.0 4.145968822637237 1 2 4 5 3 
250
250
250
250
250
250
250
250
250
250
250
250
250
250
250
250
250
250
250
250
250
250
250
250
250
250
250
250
0 0 0 0 0 0 250 0 0 0 0 250 250 250 0 0 0 0 0 0 0 0 0 0 0 0 0 0 
0 0 0 250 0 0 0 0 0 0 0 0 0 0 0 0 0 0 0 0 0 250 0 0 0 0 0 0 
0 0 0 0 0 0 0 0 0 0 0 0 0 0 250 250 0 0 0 0 0 0 0 0 0 0 0 0 
0 250 0 0 0 0 0 250 0 0 0 0 0 0 0 0 0 0 0 0 0 0 0 0 0 0 250 0 
0 0 0 0 0 0 0 0 250 0 0 0 250 0 0 0 0 250 0 0 250 0 0 0 0 250 0 0 
0 0 0 0 0 0 0 0 0 0 0 0 0 0 0 250 0 0 0 250 0 0 0 0 0 0 0 0 
250 0 0 0 0 0 0 0 0 0 250 0 0 0 0 0 0 0 0 250 0 0 0 0 0 0 0 0 
0 0 0 250 0 0 0 0 0 0 0 0 0 0 0 0 0 0 0 0 250 0 0 0 0 250 0 0 
0 0 0 0 250 0 0 0 0 0 0 0 0 0 0 0 0 0 250 0 0 0 0 0 0 0 0 0 
0 0 0 0 0 0 0 0 0 0 0 250 0 250 0 0 0 0 0 0 0 0 0 0 0 0 0 0 
0 0 0 0 0 0 250 0 0 0 0 0 250 0 0 0 0 250 0 0 0 0 0 250 0 0 0 0 
250 0 0 0 0 0 0 0 0 250 0 0 0 0 0 0 0 0 0 0 0 0 0 0 0 0 0 0 
250 0 0 0 250 0 0 0 0 0 250 0 0 0 0 0 0 0 0 0 0 0 0 0 0 0 0 0 
250 0 0 0 0 0 0 0 0 250 0 0 0 0 0 0 0 0 0 250 0 0 0 0 0 0 0 0 
0 0 250 0 0 0 0 0 0 0 0 0 0 0 0 0 0 0 0 250 0 0 0 0 0 0 0 250 
0 0 250 0 0 250 0 0 0 0 0 0 0 0 0 0 0 0 0 0 0 0 0 0 0 0 0 0 
0 0 0 0 0 0 0 0 0 0 0 0 0 0 0 0 0 250 0 0 0 250 0 0 0 0 0 250 
0 0 0 0 250 0 0 0 0 0 250 0 0 0 0 0 250 0 0 0 0 0 0 0 250 0 0 0 
0 0 0 0 0 0 0 0 250 0 0 0 0 0 0 0 0 0 0 0 0 0 250 0 0 0 0 0 
0 0 0 0 0 250 250 0 0 0 0 0 0 250 250 0 0 0 0 0 0 0 0 250 0 0 0 0 
0 0 0 0 250 0 0 250 0 0 0 0 0 0 0 0 0 0 0 0 0 0 0 0 250 0 0 0 
0 250 0 0 0 0 0 0 0 0 0 0 0 0 0 0 250 0 0 0 0 0 0 0 0 0 250 0 
0 0 0 0 0 0 0 0 0 0 0 0 0 0 0 0 0 0 250 0 0 0 0 0 0 250 0 0 
0 0 0 0 0 0 0 0 0 0 250 0 0 0 0 0 0 0 0 250 0 0 0 0 0 0 0 250 
0 0 0 0 0 0 0 0 0 0 0 0 0 0 0 0 0 250 0 0 250 0 0 0 0 0 250 0 
0 0 0 0 250 0 0 250 0 0 0 0 0 0 0 0 0 0 0 0 0 0 250 0 0 0 0 0 
0 0 0 250 0 0 0 0 0 0 0 0 0 0 0 0 0 0 0 0 0 250 0 0 250 0 0 0 
0 0 0 0 0 0 0 0 0 0 0 0 0 0 250 0 250 0 0 0 0 0 0 250 0 0 0 0 
