5 100 12 0
23.01 8;9.1 1;22.05 3;15.31 1;19.84 6;
1 8 2 3 13.0 1.2403845861476526 4 5 3 1 2 
2 2 6 7 13.0 0.8712894743885097 4 2 3 5 1 
3 3 5 10 13.0 0.7585584724854899 1 5 2 4 3 
4 12 11 7 13.0 3.8196593674560013 1 2 4 3 5 
5 5 6 5 13.0 0.8939109616244012 4 3 1 5 2 
6 10 11 3 13.0 4.704284328542466 2 4 5 3 1 
7 10 1 3 13.0 4.292302647326099 4 2 1 5 3 
8 6 12 8 13.0 3.9150489227750946 2 1 5 3 4 
9 8 3 6 13.0 4.248905313343769 3 2 1 5 4 
10 9 5 4 13.0 4.442915516642186 3 5 4 2 1 
11 8 5 9 13.0 4.659463196969936 4 1 5 2 3 
12 9 4 2 13.0 4.46789130156409 4 5 1 2 3 
13 3 4 4 13.0 0.7709386729291873 3 2 5 4 1 
14 7 9 5 13.0 4.961626917687861 2 4 5 3 1 
15 3 5 1 13.0 3.516021005965504 2 3 5 4 1 
16 4 11 2 13.0 1.441095252528823 1 5 4 2 3 
17 8 11 4 13.0 3.4336059688054488 5 1 3 2 4 
18 6 12 9 13.0 3.093187707921217 3 5 1 4 2 
19 1 2 7 13.0 3.7217508233162433 4 2 3 5 1 
20 2 3 6 13.0 3.460816662948219 1 5 3 4 2 
21 2 5 6 13.0 4.224899317087095 5 2 4 1 3 
22 12 5 5 13.0 4.740525700481237 4 2 5 3 1 
23 1 8 8 13.0 1.404246302174064 5 1 4 3 2 
24 12 11 6 13.0 4.068169900641569 4 3 1 2 5 
25 11 4 7 13.0 2.094733547813715 3 1 5 2 4 
26 10 2 1 13.0 3.9326034377418404 2 3 5 4 1 
27 11 6 3 13.0 0.33161679717725545 4 3 1 2 5 
28 3 7 5 13.0 4.141012916128858 5 3 2 1 4 
29 6 5 3 13.0 0.9988600540068454 3 1 5 2 4 
30 3 4 2 13.0 2.538884872941213 2 5 1 3 4 
31 11 7 5 13.0 4.471454594905927 3 5 2 1 4 
32 5 4 1 13.0 3.271694934391131 5 3 2 4 1 
33 4 10 10 13.0 3.7705600387846316 2 4 3 5 1 
34 7 10 4 13.0 0.17657535385534717 5 3 4 2 1 
35 10 11 10 13.0 2.6508964708689535 3 2 5 4 1 
36 10 11 9 13.0 0.08877249590080849 5 2 4 1 3 
37 9 10 7 13.0 0.3023845167607414 5 1 3 2 4 
38 2 6 3 13.0 4.944144245128022 1 4 5 2 3 
39 1 4 10 13.0 2.6617419409071914 5 2 3 1 4 
40 1 2 9 13.0 4.2675864406309145 2 5 3 4 1 
41 8 12 7 13.0 3.5766616472558215 1 2 5 3 4 
42 7 10 5 13.0 4.458076596621772 2 5 4 1 3 
43 10 4 10 13.0 2.8173096786345035 1 3 5 2 4 
44 1 3 9 13.0 0.8747807306669114 1 4 2 5 3 
45 4 12 8 13.0 1.6336280076764464 3 5 4 1 2 
46 12 11 7 13.0 3.9780276438840563 3 1 4 2 5 
47 6 7 6 13.0 2.653683978126347 5 3 4 2 1 
48 7 5 2 13.0 2.7060258481591797 1 4 2 5 3 
49 6 2 6 13.0 1.3494246061046566 3 4 2 1 5 
50 11 12 2 13.0 2.690136078421314 3 4 1 5 2 
51 9 10 2 13.0 4.363301862891872 5 1 2 3 4 
52 10 4 10 13.0 3.9759249510512507 4 3 1 2 5 
53 11 1 4 13.0 0.6658642014490385 5 4 1 2 3 
54 11 1 3 13.0 1.6122691495468777 4 5 1 2 3 
55 8 12 4 13.0 0.741885275847215 1 2 4 5 3 
56 8 11 6 13.0 1.3552305279177586 3 1 2 4 5 
57 10 9 10 13.0 1.4904096765689516 5 4 2 1 3 
58 9 4 6 13.0 4.29480295887817 2 1 5 4 3 
59 3 6 10 13.0 4.608964406291708 2 1 3 4 5 
60 6 1 9 13.0 2.327148136978586 4 5 2 1 3 
61 4 3 2 13.0 1.5539628051056003 5 2 4 3 1 
62 10 3 9 13.0 4.567004046517341 3 4 2 1 5 
63 12 11 10 13.0 1.0797391141408381 3 5 1 4 2 
64 10 7 3 13.0 4.682417999373353 2 5 3 4 1 
65 12 9 10 13.0 3.7846029156110905 3 1 5 4 2 
66 6 7 9 13.0 1.4708828959453757 3 1 5 2 4 
67 10 8 10 13.0 2.5744692847407036 4 5 2 1 3 
68 3 11 7 13.0 0.4747616158596468 1 3 5 2 4 
69 8 4 10 13.0 2.622652652128145 1 4 3 5 2 
70 3 12 10 13.0 0.3919524849783679 1 4 3 2 5 
71 3 11 4 13.0 3.369004651394123 4 1 5 2 3 
72 12 9 4 13.0 0.5382617843729448 5 2 4 3 1 
73 5 6 9 13.0 2.421418464071066 3 5 4 2 1 
74 1 9 7 13.0 4.276046063465168 4 5 2 1 3 
75 1 11 3 13.0 4.72577564879706 4 1 3 2 5 
76 2 1 8 13.0 0.5212376616269809 3 1 5 2 4 
77 4 1 4 13.0 0.6848810622108109 4 1 2 5 3 
78 6 10 10 13.0 4.163061505307439 5 1 2 3 4 
79 5 8 6 13.0 4.754622931322147 4 1 3 2 5 
80 3 1 6 13.0 2.4087181237257282 3 5 4 1 2 
81 12 7 4 13.0 1.8035185808331438 1 5 3 2 4 
82 2 3 3 13.0 1.6911272737439431 3 2 5 4 1 
83 3 5 3 13.0 3.096581125301027 1 4 3 5 2 
84 5 11 5 13.0 2.9806415188554554 3 1 5 2 4 
85 8 5 2 13.0 1.8743609151429441 3 1 2 5 4 
86 6 9 5 13.0 1.7683980075474266 1 3 4 5 2 
87 7 9 3 13.0 1.1624292618801846 2 4 1 3 5 
88 9 1 7 13.0 1.8104657144524083 1 2 3 5 4 
89 7 3 4 13.0 0.11769678840727327 1 2 5 3 4 
90 5 11 8 13.0 1.0733271157139124 4 1 3 2 5 
91 5 4 1 13.0 2.174764244588947 5 3 4 2 1 
92 1 6 9 13.0 2.1826698493190344 3 5 1 4 2 
93 6 2 7 13.0 1.6228024364325244 4 2 1 5 3 
94 5 7 1 13.0 1.5020147587572068 3 5 1 4 2 
95 8 9 2 13.0 3.82387553191621 2 1 5 3 4 
96 4 2 10 13.0 3.2174513097197526 1 2 5 4 3 
97 6 9 4 13.0 1.7855004800741292 2 5 1 4 3 
98 9 4 6 13.0 1.1612016563160055 5 2 1 3 4 
99 2 5 9 13.0 3.9565484348652986 4 3 2 5 1 
100 5 8 8 13.0 4.733856912206075 1 3 2 4 5 
400
400
400
400
400
400
400
400
400
400
400
400
0 400 0 0 0 0 0 0 0 0 0 0 
400 0 0 0 400 400 0 0 0 0 0 400 
0 0 0 0 0 400 0 0 400 0 0 0 
0 0 0 0 0 0 400 0 0 400 400 0 
0 400 0 0 0 0 400 400 0 0 0 0 
0 400 400 0 0 0 400 0 0 0 0 0 
0 0 0 400 400 400 0 0 0 0 0 0 
0 0 0 0 400 0 0 0 0 400 0 0 
0 0 400 0 0 0 0 0 0 0 0 400 
0 0 0 400 0 0 0 400 0 0 400 0 
0 0 0 400 0 0 0 0 0 400 0 0 
0 400 0 0 0 0 0 0 400 0 0 0 
