5 100 28 0
1.16 9;4.26 7;1.68 3;10.08 2;8.69 4;
1 5 28 2 13.0 3.3037652830304127 5 3 2 4 1 
2 9 24 10 13.0 1.559639251743679 4 5 1 2 3 
3 14 11 2 13.0 1.8958422129235837 4 2 3 5 1 
4 12 19 7 13.0 4.805730680023646 1 2 3 4 5 
5 22 24 7 13.0 1.3389341635483958 4 1 2 3 5 
6 7 1 5 13.0 2.284915153779184 4 1 5 3 2 
7 6 10 2 13.0 2.5357047297162527 1 2 4 5 3 
8 4 15 6 13.0 4.278341587235715 5 4 1 2 3 
9 8 22 10 13.0 1.0402436154310912 5 2 4 3 1 
10 5 13 9 13.0 3.8056208674564758 4 2 5 1 3 
11 20 7 10 13.0 1.0201853654468107 5 2 4 1 3 
12 18 17 2 13.0 3.7842863395726734 4 2 3 1 5 
13 15 22 2 13.0 2.0505637158488095 3 1 2 5 4 
14 2 5 9 13.0 3.7068083574668242 2 5 1 4 3 
15 6 12 5 13.0 0.5001292704305965 5 2 3 1 4 
16 15 21 3 13.0 0.6813693777351254 5 4 1 2 3 
17 20 13 7 13.0 4.132411694574978 2 4 3 1 5 
18 23 13 1 13.0 3.265549779107977 3 5 1 4 2 
19 9 6 10 13.0 4.342228263099227 1 3 5 2 4 
20 10 19 5 13.0 0.2812323339955225 3 2 4 1 5 
21 14 20 6 13.0 4.464892678129441 4 3 5 2 1 
22 26 21 8 13.0 4.8241746313977645 1 5 3 2 4 
23 2 18 1 13.0 1.203939017612674 4 1 5 2 3 
24 15 7 2 13.0 4.08983142943464 1 2 5 4 3 
25 4 1 1 13.0 3.2437259521407875 4 3 1 5 2 
26 21 8 3 13.0 4.4268076966355565 5 2 4 1 3 
27 16 10 2 13.0 2.2978211942241504 5 2 4 1 3 
28 17 1 5 13.0 1.6436933339011084 1 2 4 5 3 
29 24 28 10 13.0 2.6393461719854807 1 3 5 4 2 
30 9 11 6 13.0 2.3920170553039455 3 1 2 5 4 
31 6 5 2 13.0 4.0376323232067355 1 4 5 2 3 
32 20 21 1 13.0 3.7977144292293445 2 3 4 1 5 
33 28 10 2 13.0 4.468353648016804 4 2 1 5 3 
34 14 28 7 13.0 1.5655531105533838 4 2 1 5 3 
35 13 28 6 13.0 3.691330583013166 3 4 5 1 2 
36 1 18 3 13.0 4.990485810367921 1 3 5 2 4 
37 12 19 7 13.0 2.198502199599171 3 5 4 2 1 
38 15 18 10 13.0 3.7008931479410903 5 3 1 2 4 
39 2 8 8 13.0 4.337368848602113 3 5 4 2 1 
40 22 25 6 13.0 4.424365755759096 1 2 3 4 5 
41 22 11 5 13.0 0.49451435565981194 5 1 3 2 4 
42 25 28 8 13.0 2.4117930169716137 1 4 5 2 3 
43 22 21 1 13.0 1.680415044288424 4 3 1 5 2 
44 21 6 2 13.0 4.367074125469862 2 4 5 1 3 
45 13 23 8 13.0 2.006462753790191 1 4 3 2 5 
46 12 8 2 13.0 4.87626800280446 1 3 2 5 4 
47 20 28 10 13.0 1.0346867801732569 2 3 5 4 1 
48 11 23 10 13.0 0.6716287791727255 4 5 3 2 1 
49 14 20 3 13.0 4.65448123097456 4 3 1 5 2 
50 12 5 1 13.0 4.6421706164717 5 3 2 1 4 
51 9 20 7 13.0 3.4861347745837747 2 3 1 5 4 
52 5 15 7 13.0 4.843894437434046 2 1 5 4 3 
53 2 12 10 13.0 4.585332108262181 4 5 3 2 1 
54 28 11 9 13.0 2.516327402994042 2 5 4 3 1 
55 17 28 4 13.0 3.7428826319505197 3 4 5 2 1 
56 4 15 9 13.0 4.062376553546316 4 1 5 2 3 
57 1 23 3 13.0 1.3717390349789689 3 2 4 5 1 
58 27 2 7 13.0 2.5345393409922155 1 4 3 2 5 
59 15 21 3 13.0 0.8367615731091838 3 1 4 2 5 
60 1 10 8 13.0 0.8077933261096448 4 5 3 1 2 
61 8 24 1 13.0 2.5096842428447648 4 1 5 2 3 
62 4 27 8 13.0 3.225685482511511 3 1 2 5 4 
63 19 14 1 13.0 1.653542352469749 3 5 1 2 4 
64 10 9 7 13.0 1.22304493514782 2 4 1 3 5 
65 8 7 7 13.0 0.43277019190608057 3 5 1 2 4 
66 17 15 9 13.0 1.8066539131661878 1 4 5 2 3 
67 9 1 7 13.0 2.3200741206070474 3 2 1 4 5 
68 11 27 2 13.0 0.13797774013140307 4 2 3 1 5 
69 15 24 1 13.0 3.037569350455616 1 4 5 2 3 
70 5 23 6 13.0 0.342277201784037 1 2 3 4 5 
71 1 8 5 13.0 2.2110167453453307 3 2 4 5 1 
72 6 25 5 13.0 0.7164668050155443 1 3 5 4 2 
73 16 2 6 13.0 4.551360231376073 4 1 2 3 5 
74 24 8 7 13.0 4.0527162654805675 2 4 1 3 5 
75 9 25 3 13.0 0.8632736143451641 2 3 5 4 1 
76 9 23 10 13.0 1.2839338461156697 3 4 5 1 2 
77 22 13 6 13.0 2.5353139327882297 5 3 2 4 1 
78 4 24 5 13.0 0.7306202278925034 4 3 5 2 1 
79 3 4 1 13.0 1.8413437376906505 3 2 5 1 4 
80 25 16 3 13.0 4.110414486278112 1 2 4 5 3 
81 10 24 3 13.0 1.8679239755890147 5 4 1 3 2 
82 24 3 2 13.0 4.0107143280670705 1 3 5 2 4 
83 16 11 9 13.0 0.9377720401667733 3 4 1 5 2 
84 10 25 9 13.0 4.21909096545577 5 3 2 1 4 
85 15 4 3 13.0 2.021751407888212 1 2 4 3 5 
86 5 19 9 13.0 3.820593526725574 4 2 3 1 5 
87 28 5 1 13.0 0.0481876674257381 2 4 3 5 1 
88 5 2 2 13.0 0.5454879030157345 3 5 1 4 2 
89 12 26 10 13.0 1.1189781273464106 1 3 5 4 2 
90 16 25 1 13.0 1.5936956048625288 5 3 4 1 2 
91 22 11 2 13.0 0.6365422335175014 1 2 5 4 3 
92 15 26 1 13.0 2.091696286584809 3 1 4 5 2 
93 19 26 3 13.0 2.899807779561846 4 3 1 5 2 
94 16 9 9 13.0 2.8766761886248315 1 3 5 4 2 
95 5 12 1 13.0 1.6639088863086549 1 5 2 4 3 
96 17 1 3 13.0 3.532065141255049 5 3 1 4 2 
97 1 8 10 13.0 1.4871412803140616 3 5 4 2 1 
98 23 11 7 13.0 2.2324633183837044 2 4 3 1 5 
99 15 1 1 13.0 1.8671354864506262 4 5 2 3 1 
100 12 17 9 13.0 4.376619633349209 3 1 5 4 2 
250
250
250
250
250
250
250
250
250
250
250
250
250
250
250
250
250
250
250
250
250
250
250
250
250
250
250
250
0 0 0 0 0 0 250 0 0 0 0 250 250 250 0 0 0 0 0 0 0 0 0 0 0 0 0 0 
0 0 0 250 0 0 0 0 0 0 0 0 0 0 0 0 0 0 0 0 0 250 0 0 0 0 0 0 
0 0 0 0 0 0 0 0 0 0 0 0 0 0 250 250 0 0 0 0 0 0 0 0 0 0 0 0 
0 250 0 0 0 0 0 250 0 0 0 0 0 0 0 0 0 0 0 0 0 0 0 0 0 0 250 0 
0 0 0 0 0 0 0 0 250 0 0 0 250 0 0 0 0 250 0 0 250 0 0 0 0 250 0 0 
0 0 0 0 0 0 0 0 0 0 0 0 0 0 0 250 0 0 0 250 0 0 0 0 0 0 0 0 
250 0 0 0 0 0 0 0 0 0 250 0 0 0 0 0 0 0 0 250 0 0 0 0 0 0 0 0 
0 0 0 250 0 0 0 0 0 0 0 0 0 0 0 0 0 0 0 0 250 0 0 0 0 250 0 0 
0 0 0 0 250 0 0 0 0 0 0 0 0 0 0 0 0 0 250 0 0 0 0 0 0 0 0 0 
0 0 0 0 0 0 0 0 0 0 0 250 0 250 0 0 0 0 0 0 0 0 0 0 0 0 0 0 
0 0 0 0 0 0 250 0 0 0 0 0 250 0 0 0 0 250 0 0 0 0 0 250 0 0 0 0 
250 0 0 0 0 0 0 0 0 250 0 0 0 0 0 0 0 0 0 0 0 0 0 0 0 0 0 0 
250 0 0 0 250 0 0 0 0 0 250 0 0 0 0 0 0 0 0 0 0 0 0 0 0 0 0 0 
250 0 0 0 0 0 0 0 0 250 0 0 0 0 0 0 0 0 0 250 0 0 0 0 0 0 0 0 
0 0 250 0 0 0 0 0 0 0 0 0 0 0 0 0 0 0 0 250 0 0 0 0 0 0 0 250 
0 0 250 0 0 250 0 0 0 0 0 0 0 0 0 0 0 0 0 0 0 0 0 0 0 0 0 0 
0 0 0 0 0 0 0 0 0 0 0 0 0 0 0 0 0 250 0 0 0 250 0 0 0 0 0 250 
0 0 0 0 250 0 0 0 0 0 250 0 0 0 0 0 250 0 0 0 0 0 0 0 250 0 0 0 
0 0 0 0 0 0 0 0 250 0 0 0 0 0 0 0 0 0 0 0 0 0 250 0 0 0 0 0 
0 0 0 0 0 250 250 0 0 0 0 0 0 250 250 0 0 0 0 0 0 0 0 250 0 0 0 0 
0 0 0 0 250 0 0 250 0 0 0 0 0 0 0 0 0 0 0 0 0 0 0 0 250 0 0 0 
0 250 0 0 0 0 0 0 0 0 0 0 0 0 0 0 250 0 0 0 0 0 0 0 0 0 250 0 
0 0 0 0 0 0 0 0 0 0 0 0 0 0 0 0 0 0 250 0 0 0 0 0 0 250 0 0 
0 0 0 0 0 0 0 0 0 0 250 0 0 0 0 0 0 0 0 250 0 0 0 0 0 0 0 250 
0 0 0 0 0 0 0 0 0 0 0 0 0 0 0 0 0 250 0 0 250 0 0 0 0 0 250 0 
0 0 0 0 250 0 0 250 0 0 0 0 0 0 0 0 0 0 0 0 0 0 250 0 0 0 0 0 
0 0 0 250 0 0 0 0 0 0 0 0 0 0 0 0 0 0 0 0 0 250 0 0 250 0 0 0 
0 0 0 0 0 0 0 0 0 0 0 0 0 0 250 0 250 0 0 0 0 0 0 250 0 0 0 0 
