number of function:5
1: 1
2: 1
3: 1
4: 1
5: 1
number of Demand:5
1: 8: 9: 1: 3 : 4    1    2    
2: 9: 10: 1: 3 : 1    3    5    
3: 8: 6: 1: 3 : 1    4    5    
4: 6: 7: 1: 3 : 2    3    4    
5: 9: 10: 1: 3 : 1    4    3    
virtual node:11
0 0 40 40 40 0 0 0 0 0 0 
0 0 40 40 40 0 0 0 0 0 0 
40 40 0 0 0 1 2 3 4 5 6 
40 40 0 0 0 2 1 2 3 4 5 
40 40 0 0 0 3 2 1 2 3 4 
0 0 1 2 3 0 0 0 0 0 0 
0 0 2 1 2 0 0 0 0 0 0 
0 0 3 2 1 0 0 0 0 0 0 
0 0 4 3 2 0 0 0 0 0 0 
0 0 5 4 3 0 0 0 0 0 0 
0 0 6 5 4 0 0 0 0 0 0 
Solution for the problem:
Objective optimal Value: 9.35
Particularly,gurobi.GRBVar@f6f4d33:gurobi.GRBVar@23fc625e
x1[1][1][5] : 1.0
x1[1][2][3] : 1.0
x1[1][4][1] : 1.0
x1[2][1][2] : 1.0
x1[2][3][2] : 1.0
x1[2][5][2] : 1.0
x1[3][1][1] : 1.0
x1[3][4][1] : 1.0
x1[3][5][4] : 1.0
x1[4][2][2] : 1.0
x1[4][3][2] : 1.0
x1[4][4][2] : 1.0
x1[5][1][1] : 1.0
x1[5][3][1] : 1.0
x1[5][4][1] : 1.0
y1[1][1][5] : 1.0
y1[1][3][9] : 1.0
y1[1][4][1] : 1.0
y1[1][5][7] : 1.0
y1[1][7][3] : 1.0
y1[1][8][4] : 1.0
y1[2][2][3] : 1.0
y1[2][3][10] : 1.0
y1[2][4][2] : 1.0
y1[2][5][11] : 1.0
y1[2][9][5] : 1.0
y1[2][11][4] : 1.0
y1[3][1][4] : 1.0
y1[3][3][1] : 1.0
y1[3][4][6] : 1.0
y1[3][8][3] : 1.0
y1[4][2][3] : 1.0
y1[4][3][7] : 1.0
y1[4][4][11] : 1.0
y1[4][5][2] : 1.0
y1[4][6][4] : 1.0
y1[4][11][5] : 1.0
y1[5][1][5] : 1.0
y1[5][4][1] : 1.0
y1[5][5][10] : 1.0
y1[5][9][4] : 1.0
phi[1][1][4][1] : 1.0
phi[1][1][8][4] : 1.0
phi[1][2][1][5] : 1.0
phi[1][3][5][7] : 1.0
phi[1][3][7][3] : 1.0
phi[2][1][4][2] : 1.0
phi[2][1][5][11] : 1.0
phi[2][1][9][5] : 1.0
phi[2][1][11][4] : 1.0
phi[3][1][3][1] : 1.0
phi[3][1][8][3] : 1.0
phi[3][3][1][4] : 1.0
phi[4][1][4][11] : 1.0
phi[4][1][5][2] : 1.0
phi[4][1][6][4] : 1.0
phi[4][1][11][5] : 1.0
phi[5][1][4][1] : 1.0
phi[5][1][9][4] : 1.0

