number of function:5
1: 1
2: 2
3: 1
4: 1
5: 3
number of Demand:10
1: 17: 23: 1: 4 : 2    4    5    1    
2: 17: 16: 1: 4 : 5    3    4    1    
3: 11: 10: 1: 4 : 5    3    4    1    
4: 23: 7: 1: 4 : 2    1    4    5    
5: 6: 17: 1: 4 : 2    4    5    1    
6: 21: 20: 1: 4 : 5    3    4    2    
7: 10: 17: 1: 4 : 5    3    2    1    
8: 14: 8: 1: 4 : 2    1    5    4    
9: 17: 12: 1: 4 : 3    4    2    1    
10: 22: 19: 1: 4 : 2    5    3    1    
virtual node:23
0 0 0 50 50 50 50 50 50 50 50 50 50 50 50 50 50 50 50 50 50 50 50 
0 0 0 50 50 50 50 50 50 50 50 50 50 50 50 50 50 50 50 50 50 50 50 
0 0 0 50 50 50 50 50 50 50 50 50 50 50 50 50 50 50 50 50 50 50 50 
50 50 50 0 0 0 0 0 0 0 0 0 0 0 0 0 0 0 0 0 0 0 0 
50 50 50 0 0 0 0 0 0 0 0 0 0 0 0 0 0 0 0 0 0 0 0 
50 50 50 0 0 0 0 0 0 0 0 0 0 0 0 0 0 0 0 0 0 0 0 
50 50 50 0 0 0 0 0 0 0 0 0 0 0 0 0 0 0 0 0 0 0 0 
50 50 50 0 0 0 0 0 0 0 0 0 0 0 0 0 0 0 0 0 0 0 0 
50 50 50 0 0 0 0 0 0 0 0 0 0 0 0 0 0 0 0 0 0 0 0 
50 50 50 0 0 0 0 0 0 0 0 0 0 0 0 0 0 0 0 0 0 0 0 
50 50 50 0 0 0 0 0 0 0 0 0 0 0 0 0 0 0 0 0 0 0 0 
50 50 50 0 0 0 0 0 0 0 0 0 0 0 0 0 0 0 0 0 0 0 0 
50 50 50 0 0 0 0 0 0 0 0 0 0 0 0 0 0 0 0 0 0 0 0 
50 50 50 0 0 0 0 0 0 0 0 0 0 0 0 0 0 0 0 0 0 0 0 
50 50 50 0 0 0 0 0 0 0 0 0 0 0 0 0 0 0 0 0 0 0 0 
50 50 50 0 0 0 0 0 0 0 0 0 0 0 0 0 0 0 0 0 0 0 0 
50 50 50 0 0 0 0 0 0 0 0 0 0 0 0 0 0 0 0 0 0 0 0 
50 50 50 0 0 0 0 0 0 0 0 0 0 0 0 0 0 0 0 0 0 0 0 
50 50 50 0 0 0 0 0 0 0 0 0 0 0 0 0 0 0 0 0 0 0 0 
50 50 50 0 0 0 0 0 0 0 0 0 0 0 0 0 0 0 0 0 0 0 0 
50 50 50 0 0 0 0 0 0 0 0 0 0 0 0 0 0 0 0 0 0 0 0 
50 50 50 0 0 0 0 0 0 0 0 0 0 0 0 0 0 0 0 0 0 0 0 
50 50 50 0 0 0 0 0 0 0 0 0 0 0 0 0 0 0 0 0 0 0 0 
Solution for the problem:
Objective optimal Value: 9.74923076923077
x1[1][1][23] : 1.0
x1[1][2][13] : 1.0
x1[1][3][3] : 1.0
x1[1][4][3] : 1.0
x1[2][1][2] : 1.0
x1[2][2][2] : 1.0
x1[2][3][2] : 1.0
x1[2][4][2] : 1.0
x1[3][1][10] : 1.0
x1[3][2][1] : 1.0
x1[3][3][1] : 1.0
x1[3][4][1] : 1.0
x1[4][1][7] : 1.0
x1[4][2][7] : 1.0
x1[4][3][1] : 1.0
x1[4][4][1] : 1.0
x1[5][1][17] : 1.0
x1[5][2][3] : 1.0
x1[5][3][3] : 1.0
x1[5][4][3] : 1.0
x1[6][1][20] : 1.0
x1[6][2][2] : 1.0
x1[6][3][2] : 1.0
x1[6][4][5] : 1.0
x1[7][1][6] : 1.0
x1[7][2][3] : 1.0
x1[7][3][14] : 1.0
x1[7][4][1] : 1.0
x1[8][1][11] : 1.0
x1[8][2][11] : 1.0
x1[8][3][22] : 1.0
x1[8][4][1] : 1.0
x1[9][1][12] : 1.0
x1[9][2][12] : 1.0
x1[9][3][18] : 1.0
x1[9][4][18] : 1.0
x1[10][1][19] : 1.0
x1[10][2][15] : 1.0
x1[10][3][1] : 1.0
x1[10][4][1] : 1.0
y1[1][1][4] : 1.0
y1[1][2][23] : 1.0
y1[1][3][13] : 1.0
y1[1][4][2] : 1.0
y1[1][13][1] : 1.0
y1[1][17][3] : 1.0
y1[2][1][23] : 1.0
y1[2][2][21] : 1.0
y1[2][3][16] : 1.0
y1[2][17][1] : 1.0
y1[2][21][3] : 1.0
y1[2][23][2] : 1.0
y1[3][1][10] : 1.0
y1[3][11][1] : 1.0
y1[4][1][16] : 1.0
y1[4][3][7] : 1.0
y1[4][16][3] : 1.0
y1[4][23][1] : 1.0
y1[5][1][13] : 1.0
y1[5][2][7] : 1.0
y1[5][3][17] : 1.0
y1[5][6][3] : 1.0
y1[5][7][1] : 1.0
y1[5][13][2] : 1.0
y1[6][1][5] : 1.0
y1[6][2][20] : 1.0
y1[6][5][2] : 1.0
y1[6][21][1] : 1.0
y1[7][1][14] : 1.0
y1[7][2][17] : 1.0
y1[7][3][6] : 1.0
y1[7][6][2] : 1.0
y1[7][10][1] : 1.0
y1[7][14][3] : 1.0
y1[8][1][22] : 1.0
y1[8][2][11] : 1.0
y1[8][3][8] : 1.0
y1[8][11][3] : 1.0
y1[8][14][1] : 1.0
y1[8][22][2] : 1.0
y1[9][1][18] : 1.0
y1[9][2][9] : 1.0
y1[9][3][12] : 1.0
y1[9][9][1] : 1.0
y1[9][17][2] : 1.0
y1[9][18][3] : 1.0
y1[10][1][15] : 1.0
y1[10][2][19] : 1.0
y1[10][3][9] : 1.0
y1[10][9][2] : 1.0
y1[10][15][3] : 1.0
y1[10][22][1] : 1.0
phi[1][1][1][4] : 1.0
phi[1][1][2][23] : 1.0
phi[1][1][3][13] : 1.0
phi[1][1][4][2] : 1.0
phi[1][1][13][1] : 1.0
phi[1][1][17][3] : 1.0
phi[1][2][1][4] : 1.0
phi[1][2][2][23] : 1.0
phi[1][2][4][2] : 1.0
phi[1][2][13][1] : 1.0
phi[1][3][3][13] : 1.0
phi[2][1][1][23] : 1.0
phi[2][1][17][1] : 1.0
phi[2][1][23][2] : 1.0
phi[3][1][1][10] : 1.0
phi[3][1][11][1] : 1.0
phi[3][2][1][10] : 1.0
phi[4][1][1][16] : 1.0
phi[4][1][3][7] : 1.0
phi[4][1][16][3] : 1.0
phi[4][1][23][1] : 1.0
phi[4][3][1][16] : 1.0
phi[4][3][3][7] : 1.0
phi[4][3][16][3] : 1.0
phi[5][1][3][17] : 1.0
phi[5][1][6][3] : 1.0
phi[5][2][3][17] : 1.0
phi[6][1][1][5] : 1.0
phi[6][1][2][20] : 1.0
phi[6][1][5][2] : 1.0
phi[6][1][21][1] : 1.0
phi[6][2][2][20] : 1.0
phi[6][4][5][2] : 1.0
phi[7][1][1][14] : 1.0
phi[7][1][3][6] : 1.0
phi[7][1][10][1] : 1.0
phi[7][1][14][3] : 1.0
phi[7][2][3][6] : 1.0
phi[7][3][14][3] : 1.0
phi[7][4][1][14] : 1.0
phi[8][1][1][22] : 1.0
phi[8][1][2][11] : 1.0
phi[8][1][14][1] : 1.0
phi[8][1][22][2] : 1.0
phi[8][3][2][11] : 1.0
phi[8][3][22][2] : 1.0
phi[8][4][1][22] : 1.0
phi[9][1][1][18] : 1.0
phi[9][1][2][9] : 1.0
phi[9][1][3][12] : 1.0
phi[9][1][9][1] : 1.0
phi[9][1][17][2] : 1.0
phi[9][1][18][3] : 1.0
phi[9][3][3][12] : 1.0
phi[9][3][18][3] : 1.0
phi[10][1][1][15] : 1.0
phi[10][1][2][19] : 1.0
phi[10][1][3][9] : 1.0
phi[10][1][9][2] : 1.0
phi[10][1][15][3] : 1.0
phi[10][1][22][1] : 1.0
phi[10][2][2][19] : 1.0
phi[10][2][3][9] : 1.0
phi[10][2][9][2] : 1.0
phi[10][2][15][3] : 1.0
phi[10][3][1][15] : 1.0
Number of Spine: 0.525
