number of function:5
1: 1
2: 1
3: 1
4: 1
5: 1
number of Demand:10
1: 23: 10: 1: 4 : 3    5    4    1    
2: 21: 11: 1: 3 : 4    2    1    
3: 11: 20: 1: 5 : 4    3    2    1    5    
4: 18: 7: 1: 4 : 2    5    4    1    
5: 17: 8: 1: 3 : 5    3    1    
6: 15: 10: 1: 3 : 5    4    1    
7: 21: 12: 1: 5 : 5    4    1    2    3    
8: 8: 16: 1: 3 : 4    3    2    
9: 6: 16: 1: 4 : 4    1    2    3    
10: 4: 10: 1: 4 : 4    1    3    2    
virtual node:23
0 0 0 50 50 50 50 50 50 50 50 50 50 50 50 50 50 50 50 50 50 50 50 
0 0 0 50 50 50 50 50 50 50 50 50 50 50 50 50 50 50 50 50 50 50 50 
0 0 0 50 50 50 50 50 50 50 50 50 50 50 50 50 50 50 50 50 50 50 50 
50 50 50 0 0 0 0 0 0 0 0 0 0 0 0 0 0 0 0 0 0 0 0 
50 50 50 0 0 0 0 0 0 0 0 0 0 0 0 0 0 0 0 0 0 0 0 
50 50 50 0 0 0 0 0 0 0 0 0 0 0 0 0 0 0 0 0 0 0 0 
50 50 50 0 0 0 0 0 0 0 0 0 0 0 0 0 0 0 0 0 0 0 0 
50 50 50 0 0 0 0 0 0 0 0 0 0 0 0 0 0 0 0 0 0 0 0 
50 50 50 0 0 0 0 0 0 0 0 0 0 0 0 0 0 0 0 0 0 0 0 
50 50 50 0 0 0 0 0 0 0 0 0 0 0 0 0 0 0 0 0 0 0 0 
50 50 50 0 0 0 0 0 0 0 0 0 0 0 0 0 0 0 0 0 0 0 0 
50 50 50 0 0 0 0 0 0 0 0 0 0 0 0 0 0 0 0 0 0 0 0 
50 50 50 0 0 0 0 0 0 0 0 0 0 0 0 0 0 0 0 0 0 0 0 
50 50 50 0 0 0 0 0 0 0 0 0 0 0 0 0 0 0 0 0 0 0 0 
50 50 50 0 0 0 0 0 0 0 0 0 0 0 0 0 0 0 0 0 0 0 0 
50 50 50 0 0 0 0 0 0 0 0 0 0 0 0 0 0 0 0 0 0 0 0 
50 50 50 0 0 0 0 0 0 0 0 0 0 0 0 0 0 0 0 0 0 0 0 
50 50 50 0 0 0 0 0 0 0 0 0 0 0 0 0 0 0 0 0 0 0 0 
50 50 50 0 0 0 0 0 0 0 0 0 0 0 0 0 0 0 0 0 0 0 0 
50 50 50 0 0 0 0 0 0 0 0 0 0 0 0 0 0 0 0 0 0 0 0 
50 50 50 0 0 0 0 0 0 0 0 0 0 0 0 0 0 0 0 0 0 0 0 
50 50 50 0 0 0 0 0 0 0 0 0 0 0 0 0 0 0 0 0 0 0 0 
50 50 50 0 0 0 0 0 0 0 0 0 0 0 0 0 0 0 0 0 0 0 0 
Accept Number: 10
Solution: 0.04,0.4:::9.56
Path:
23 1 10 
Function Location: 
23 1 1 1 
Path:
21 1 11 
Function Location: 
21 1 1 
Path:
11 1 20 
Function Location: 
11 1 1 1 1 
Path:
18 1 7 
Function Location: 
18 1 1 1 
Path:
17 1 8 
Function Location: 
17 1 1 
Path:
15 2 10 
Function Location: 
15 2 2 
Path:
21 1 12 
Function Location: 
21 1 1 1 1 
Path:
8 1 16 
Function Location: 
8 1 1 
Path:
6 2 16 
Function Location: 
6 2 2 2 
Path:
4 3 10 
Function Location: 
4 3 3 3 
Ratio of Spine: 0.9333333333333333
