number of function:3
1: 1
2: 1
3: 1
number of Demand:100
1: 9: 22: 1: 3 : 3    2    1    
2: 20: 25: 1: 3 : 1    3    2    
3: 33: 27: 1: 3 : 2    1    3    
4: 19: 30: 1: 3 : 2    3    1    
5: 10: 32: 1: 3 : 3    1    2    
6: 21: 16: 1: 3 : 2    3    1    
7: 32: 20: 1: 3 : 2    3    1    
8: 7: 9: 1: 3 : 2    3    1    
9: 30: 19: 1: 3 : 3    2    1    
10: 10: 25: 1: 3 : 2    3    1    
11: 11: 12: 1: 3 : 2    1    3    
12: 13: 16: 1: 3 : 2    1    3    
13: 24: 25: 1: 3 : 1    3    2    
14: 17: 27: 1: 3 : 2    3    1    
15: 14: 24: 1: 3 : 1    3    2    
16: 23: 32: 1: 3 : 1    3    2    
17: 23: 29: 1: 3 : 1    2    3    
18: 10: 14: 1: 3 : 2    3    1    
19: 9: 26: 1: 3 : 2    1    3    
20: 29: 26: 1: 3 : 1    2    3    
21: 27: 18: 1: 3 : 3    1    2    
22: 28: 24: 1: 3 : 3    2    1    
23: 15: 16: 1: 3 : 1    2    3    
24: 24: 29: 1: 3 : 3    2    1    
25: 7: 22: 1: 3 : 3    2    1    
26: 26: 30: 1: 3 : 2    3    1    
27: 21: 19: 1: 3 : 1    2    3    
28: 22: 31: 1: 3 : 2    1    3    
29: 14: 8: 1: 3 : 1    3    2    
30: 15: 16: 1: 3 : 2    3    1    
31: 24: 21: 1: 3 : 3    2    1    
32: 10: 9: 1: 3 : 1    2    3    
33: 14: 11: 1: 3 : 2    1    3    
34: 23: 32: 1: 3 : 2    1    3    
35: 14: 16: 1: 3 : 2    3    1    
36: 15: 14: 1: 3 : 1    2    3    
37: 31: 6: 1: 3 : 1    2    3    
38: 33: 20: 1: 3 : 2    1    3    
39: 28: 19: 1: 3 : 3    1    2    
40: 31: 25: 1: 3 : 3    1    2    
41: 18: 6: 1: 3 : 2    1    3    
42: 21: 19: 1: 3 : 3    2    1    
43: 30: 10: 1: 3 : 1    2    3    
44: 11: 30: 1: 3 : 2    3    1    
45: 7: 33: 1: 3 : 2    1    3    
46: 19: 24: 1: 3 : 3    1    2    
47: 15: 32: 1: 3 : 3    1    2    
48: 19: 24: 1: 3 : 1    2    3    
49: 11: 29: 1: 3 : 3    1    2    
50: 27: 28: 1: 3 : 2    3    1    
51: 22: 19: 1: 3 : 3    2    1    
52: 29: 12: 1: 3 : 1    2    3    
53: 22: 19: 1: 3 : 1    3    2    
54: 27: 24: 1: 3 : 3    2    1    
55: 9: 22: 1: 3 : 2    3    1    
56: 18: 17: 1: 3 : 2    3    1    
57: 22: 13: 1: 3 : 1    3    2    
58: 21: 8: 1: 3 : 2    1    3    
59: 15: 22: 1: 3 : 2    1    3    
60: 23: 22: 1: 3 : 3    1    2    
61: 28: 16: 1: 3 : 1    3    2    
62: 30: 24: 1: 3 : 3    2    1    
63: 33: 32: 1: 3 : 3    2    1    
64: 6: 27: 1: 3 : 3    2    1    
65: 9: 29: 1: 3 : 3    1    2    
66: 17: 16: 1: 3 : 2    3    1    
67: 21: 33: 1: 3 : 1    2    3    
68: 17: 16: 1: 3 : 2    3    1    
69: 30: 8: 1: 3 : 2    3    1    
70: 12: 9: 1: 3 : 1    3    2    
71: 8: 15: 1: 3 : 3    2    1    
72: 12: 8: 1: 3 : 1    3    2    
73: 17: 27: 1: 3 : 1    2    3    
74: 19: 18: 1: 3 : 2    1    3    
75: 12: 26: 1: 3 : 3    1    2    
76: 28: 8: 1: 3 : 2    1    3    
77: 28: 30: 1: 3 : 3    2    1    
78: 26: 31: 1: 3 : 1    3    2    
79: 23: 20: 1: 3 : 1    3    2    
80: 29: 6: 1: 3 : 2    1    3    
81: 7: 16: 1: 3 : 2    1    3    
82: 20: 13: 1: 3 : 3    2    1    
83: 18: 31: 1: 3 : 3    1    2    
84: 16: 17: 1: 3 : 1    2    3    
85: 29: 17: 1: 3 : 2    3    1    
86: 13: 8: 1: 3 : 3    2    1    
87: 18: 28: 1: 3 : 3    2    1    
88: 20: 15: 1: 3 : 2    3    1    
89: 25: 16: 1: 3 : 2    3    1    
90: 13: 27: 1: 3 : 2    1    3    
91: 15: 17: 1: 3 : 2    3    1    
92: 7: 8: 1: 3 : 3    2    1    
93: 14: 21: 1: 3 : 2    1    3    
94: 30: 20: 1: 3 : 3    1    2    
95: 32: 28: 1: 3 : 1    3    2    
96: 11: 16: 1: 3 : 2    1    3    
97: 14: 19: 1: 3 : 1    2    3    
98: 23: 22: 1: 3 : 2    1    3    
99: 12: 18: 1: 3 : 3    1    2    
100: 29: 12: 1: 3 : 1    3    2    
virtual node:33
0 0 0 0 0 20 20 20 20 20 20 20 20 20 20 20 20 20 20 20 20 20 20 20 20 20 20 20 20 20 20 20 20 
0 0 0 0 0 20 20 20 20 20 20 20 20 20 20 20 20 20 20 20 20 20 20 20 20 20 20 20 20 20 20 20 20 
0 0 0 0 0 20 20 20 20 20 20 20 20 20 20 20 20 20 20 20 20 20 20 20 20 20 20 20 20 20 20 20 20 
0 0 0 0 0 20 20 20 20 20 20 20 20 20 20 20 20 20 20 20 20 20 20 20 20 20 20 20 20 20 20 20 20 
0 0 0 0 0 20 20 20 20 20 20 20 20 20 20 20 20 20 20 20 20 20 20 20 20 20 20 20 20 20 20 20 20 
20 20 20 20 20 0 0 0 0 0 0 0 0 0 0 0 0 0 0 0 0 0 0 0 0 0 0 0 0 0 0 0 0 
20 20 20 20 20 0 0 0 0 0 0 0 0 0 0 0 0 0 0 0 0 0 0 0 0 0 0 0 0 0 0 0 0 
20 20 20 20 20 0 0 0 0 0 0 0 0 0 0 0 0 0 0 0 0 0 0 0 0 0 0 0 0 0 0 0 0 
20 20 20 20 20 0 0 0 0 0 0 0 0 0 0 0 0 0 0 0 0 0 0 0 0 0 0 0 0 0 0 0 0 
20 20 20 20 20 0 0 0 0 0 0 0 0 0 0 0 0 0 0 0 0 0 0 0 0 0 0 0 0 0 0 0 0 
20 20 20 20 20 0 0 0 0 0 0 0 0 0 0 0 0 0 0 0 0 0 0 0 0 0 0 0 0 0 0 0 0 
20 20 20 20 20 0 0 0 0 0 0 0 0 0 0 0 0 0 0 0 0 0 0 0 0 0 0 0 0 0 0 0 0 
20 20 20 20 20 0 0 0 0 0 0 0 0 0 0 0 0 0 0 0 0 0 0 0 0 0 0 0 0 0 0 0 0 
20 20 20 20 20 0 0 0 0 0 0 0 0 0 0 0 0 0 0 0 0 0 0 0 0 0 0 0 0 0 0 0 0 
20 20 20 20 20 0 0 0 0 0 0 0 0 0 0 0 0 0 0 0 0 0 0 0 0 0 0 0 0 0 0 0 0 
20 20 20 20 20 0 0 0 0 0 0 0 0 0 0 0 0 0 0 0 0 0 0 0 0 0 0 0 0 0 0 0 0 
20 20 20 20 20 0 0 0 0 0 0 0 0 0 0 0 0 0 0 0 0 0 0 0 0 0 0 0 0 0 0 0 0 
20 20 20 20 20 0 0 0 0 0 0 0 0 0 0 0 0 0 0 0 0 0 0 0 0 0 0 0 0 0 0 0 0 
20 20 20 20 20 0 0 0 0 0 0 0 0 0 0 0 0 0 0 0 0 0 0 0 0 0 0 0 0 0 0 0 0 
20 20 20 20 20 0 0 0 0 0 0 0 0 0 0 0 0 0 0 0 0 0 0 0 0 0 0 0 0 0 0 0 0 
20 20 20 20 20 0 0 0 0 0 0 0 0 0 0 0 0 0 0 0 0 0 0 0 0 0 0 0 0 0 0 0 0 
20 20 20 20 20 0 0 0 0 0 0 0 0 0 0 0 0 0 0 0 0 0 0 0 0 0 0 0 0 0 0 0 0 
20 20 20 20 20 0 0 0 0 0 0 0 0 0 0 0 0 0 0 0 0 0 0 0 0 0 0 0 0 0 0 0 0 
20 20 20 20 20 0 0 0 0 0 0 0 0 0 0 0 0 0 0 0 0 0 0 0 0 0 0 0 0 0 0 0 0 
20 20 20 20 20 0 0 0 0 0 0 0 0 0 0 0 0 0 0 0 0 0 0 0 0 0 0 0 0 0 0 0 0 
20 20 20 20 20 0 0 0 0 0 0 0 0 0 0 0 0 0 0 0 0 0 0 0 0 0 0 0 0 0 0 0 0 
20 20 20 20 20 0 0 0 0 0 0 0 0 0 0 0 0 0 0 0 0 0 0 0 0 0 0 0 0 0 0 0 0 
20 20 20 20 20 0 0 0 0 0 0 0 0 0 0 0 0 0 0 0 0 0 0 0 0 0 0 0 0 0 0 0 0 
20 20 20 20 20 0 0 0 0 0 0 0 0 0 0 0 0 0 0 0 0 0 0 0 0 0 0 0 0 0 0 0 0 
20 20 20 20 20 0 0 0 0 0 0 0 0 0 0 0 0 0 0 0 0 0 0 0 0 0 0 0 0 0 0 0 0 
20 20 20 20 20 0 0 0 0 0 0 0 0 0 0 0 0 0 0 0 0 0 0 0 0 0 0 0 0 0 0 0 0 
20 20 20 20 20 0 0 0 0 0 0 0 0 0 0 0 0 0 0 0 0 0 0 0 0 0 0 0 0 0 0 0 0 
20 20 20 20 20 0 0 0 0 0 0 0 0 0 0 0 0 0 0 0 0 0 0 0 0 0 0 0 0 0 0 0 0 
Accept Number: 74
Solution: 0.15,0.95:::6.3
Path:
9 1 22 
Function Location: 
9 1 1 
Path:
20 1 25 
Function Location: 
20 1 1 
Path:
33 1 27 
Function Location: 
33 1 1 
Path:
19 1 30 
Function Location: 
19 1 1 
Path:
10 1 32 
Function Location: 
10 1 1 
Path:
21 1 16 
Function Location: 
21 1 1 
Path:
32 1 20 
Function Location: 
32 1 1 
Path:
7 1 9 
Function Location: 
7 1 1 
Path:
30 4 19 
Function Location: 
30 4 4 
Path:
10 4 25 
Function Location: 
10 4 4 
Path:
11 4 12 
Function Location: 
11 4 4 
Path:
13 4 16 
Function Location: 
13 4 4 
Path:
24 3 25 
Function Location: 
24 3 3 
Path:
17 4 27 
Function Location: 
17 4 4 
Path:
14 4 24 
Function Location: 
14 4 4 
Path:
23 4 32 
Function Location: 
23 4 4 
Path:
23 3 29 
Function Location: 
23 3 3 
Path:
10 3 28 4 14 
Function Location: 
10 3 3 
Path:
9 4 26 
Function Location: 
9 4 4 
Path:
29 3 26 
Function Location: 
29 3 3 
Path:
27 3 18 
Function Location: 
27 3 3 
Path:
28 3 24 
Function Location: 
28 3 3 
Path:
15 3 16 
Function Location: 
15 3 3 
Path:
24 5 29 
Function Location: 
24 5 5 
Path:
7 3 22 
Function Location: 
7 3 3 
Path:
26 5 30 
Function Location: 
26 5 5 
Path:
21 5 19 
Function Location: 
21 5 5 
Path:
22 5 31 
Function Location: 
22 5 5 
Path:
14 5 8 
Function Location: 
14 5 5 
Path:
15 5 16 
Function Location: 
15 5 5 
Path:
24 4 21 
Function Location: 
24 4 4 
Path:
10 5 9 
Function Location: 
10 5 5 
Path:
14 2 16 5 11 
Function Location: 
14 2 2 
Path:
23 5 32 
Function Location: 
23 5 5 
Path:
14 2 16 
Function Location: 
14 2 2 
Path:
15 2 6 5 14 
Function Location: 
15 2 2 
Path:
31 2 6 
Function Location: 
31 2 2 
Path:
33 2 20 
Function Location: 
33 2 2 
Path:
28 2 19 
Function Location: 
28 2 2 
Path:
31 2 25 
Function Location: 
31 2 2 
Path:
18 2 6 
Function Location: 
18 2 2 
Path:
21 2 19 
Function Location: 
21 2 19 
Path:
30 2 10 
Function Location: 
30 30 2 
Path:
11 3 30 
Function Location: 
11 11 3 
Path:
7 5 33 
Function Location: 
7 5 5 
Path:
19 1 24 
Function Location: 
19 1 1 
Path:
15 3 32 
Function Location: 
15 32 32 
Path:
19 3 24 
Function Location: 
19 3 24 
Path:
11 2 29 
Function Location: 
11 29 29 
Path:
27 4 28 
Function Location: 
27 27 28 
Path:
22 3 19 
Function Location: 
22 22 22 
Path:
29 4 12 
Function Location: 
29 12 12 
Path:
22 1 19 
Function Location: 
22 1 19 
Path:
27 2 24 
Function Location: 
27 2 24 
Path:
9 2 22 
Function Location: 
9 9 9 
Path:
18 4 17 
Function Location: 
18 17 17 
Path:
22 4 13 
Function Location: 
4 13 13 
Path:
21 3 8 
Function Location: 
21 8 8 
Path:
23 5 33 4 22 
Function Location: 
23 33 33 
Path:
28 5 16 
Function Location: 
28 16 16 
Path:
30 5 24 
Function Location: 
30 30 5 
Path:
33 3 32 
Function Location: 
33 32 32 
Path:
6 3 27 
Function Location: 
6 6 6 
Path:
17 3 16 
Function Location: 
17 16 16 
Path:
17 3 16 
Function Location: 
17 3 16 
Path:
30 1 8 
Function Location: 
8 8 8 
Path:
12 4 9 
Function Location: 
12 12 12 
Path:
19 4 18 
Function Location: 
18 18 18 
Path:
12 2 26 
Function Location: 
26 26 26 
Path:
28 1 6 4 8 
Function Location: 
28 6 6 
Path:
26 4 31 
Function Location: 
26 31 31 
Path:
23 2 20 
Function Location: 
23 20 20 
Path:
20 4 13 
Function Location: 
20 13 13 
Path:
25 1 16 
Function Location: 
25 25 25 
