number of function:5
1: 3
2: 2
3: 10
4: 3
5: 10
number of Demand:100
1: 15: 27: 5: 5 : 4    2    5    3    1    
2: 16: 26: 2: 5 : 1    5    2    4    3    
3: 16: 6: 4: 5 : 1    2    5    4    3    
4: 17: 8: 6: 5 : 5    1    3    4    2    
5: 18: 22: 5: 5 : 4    1    3    5    2    
6: 1: 6: 3: 5 : 3    5    4    2    1    
7: 20: 10: 1: 5 : 5    1    4    3    2    
8: 8: 20: 2: 5 : 4    5    3    2    1    
9: 5: 14: 1: 5 : 4    3    5    1    2    
10: 22: 7: 6: 5 : 1    2    5    4    3    
11: 19: 1: 5: 5 : 2    4    5    1    3    
12: 6: 26: 5: 5 : 2    1    4    5    3    
13: 23: 17: 9: 5 : 4    1    3    2    5    
14: 16: 21: 1: 5 : 2    1    3    5    4    
15: 14: 21: 8: 5 : 5    3    4    2    1    
16: 11: 4: 9: 5 : 5    3    2    4    1    
17: 5: 21: 1: 5 : 4    5    3    1    2    
18: 23: 5: 5: 5 : 5    1    4    2    3    
19: 21: 2: 5: 5 : 1    4    5    3    2    
20: 2: 18: 7: 5 : 2    4    1    3    5    
21: 26: 27: 6: 5 : 5    3    2    4    1    
22: 1: 22: 9: 5 : 3    2    5    1    4    
23: 19: 17: 5: 5 : 4    3    2    1    5    
24: 2: 12: 10: 5 : 5    1    4    3    2    
25: 24: 27: 6: 5 : 1    5    4    2    3    
26: 17: 25: 2: 5 : 1    2    3    5    4    
27: 7: 5: 3: 5 : 1    5    3    4    2    
28: 13: 18: 8: 5 : 3    2    4    1    5    
29: 26: 22: 6: 5 : 5    1    4    3    2    
30: 28: 13: 6: 5 : 3    1    2    5    4    
31: 9: 1: 1: 5 : 5    2    1    4    3    
32: 13: 14: 1: 5 : 5    2    3    4    1    
33: 19: 9: 8: 5 : 1    3    2    5    4    
34: 7: 16: 7: 5 : 1    2    5    3    4    
35: 6: 4: 4: 5 : 2    4    1    5    3    
36: 10: 22: 3: 5 : 5    2    4    1    3    
37: 6: 11: 4: 5 : 1    4    3    2    5    
38: 17: 25: 6: 5 : 5    1    3    4    2    
39: 8: 3: 9: 5 : 4    3    5    2    1    
40: 11: 2: 3: 5 : 1    2    4    5    3    
41: 12: 20: 7: 5 : 5    4    3    2    1    
42: 12: 27: 7: 5 : 1    2    5    3    4    
43: 24: 25: 2: 5 : 2    5    4    1    3    
44: 22: 16: 7: 5 : 5    3    1    2    4    
45: 2: 1: 1: 5 : 4    5    3    1    2    
46: 6: 10: 7: 5 : 5    1    2    3    4    
47: 24: 28: 2: 5 : 4    1    5    2    3    
48: 26: 13: 5: 5 : 1    4    5    2    3    
49: 14: 3: 8: 5 : 1    2    5    3    4    
50: 7: 8: 5: 5 : 3    4    1    2    5    
51: 5: 14: 2: 5 : 4    3    5    1    2    
52: 3: 20: 4: 5 : 3    5    4    1    2    
53: 27: 8: 3: 5 : 5    1    3    2    4    
54: 17: 9: 6: 5 : 5    1    4    3    2    
55: 24: 16: 7: 5 : 5    2    4    1    3    
56: 22: 12: 7: 5 : 4    2    1    5    3    
57: 2: 7: 7: 5 : 5    2    1    4    3    
58: 3: 21: 1: 5 : 5    1    4    2    3    
59: 10: 16: 1: 5 : 2    4    1    3    5    
60: 19: 7: 7: 5 : 5    3    4    1    2    
61: 21: 3: 2: 5 : 2    5    4    3    1    
62: 13: 15: 9: 5 : 4    5    2    1    3    
63: 11: 16: 1: 5 : 4    5    1    2    3    
64: 23: 20: 1: 5 : 3    2    5    4    1    
65: 22: 10: 8: 5 : 2    1    5    3    4    
66: 27: 28: 7: 5 : 5    3    4    1    2    
67: 20: 12: 4: 5 : 2    4    1    5    3    
68: 8: 28: 7: 5 : 4    1    2    5    3    
69: 19: 15: 4: 5 : 5    3    4    2    1    
70: 27: 25: 9: 5 : 4    2    1    5    3    
71: 5: 15: 6: 5 : 5    4    2    1    3    
72: 19: 2: 1: 5 : 4    5    1    2    3    
73: 3: 28: 3: 5 : 2    5    3    4    1    
74: 17: 12: 1: 5 : 2    5    4    3    1    
75: 12: 7: 4: 5 : 1    4    2    3    5    
76: 8: 24: 5: 5 : 5    1    4    3    2    
77: 23: 21: 6: 5 : 2    1    4    5    3    
78: 11: 14: 2: 5 : 2    4    5    1    3    
79: 19: 28: 7: 5 : 4    1    2    3    5    
80: 11: 22: 2: 5 : 4    3    2    1    5    
81: 2: 11: 1: 5 : 1    5    4    3    2    
82: 23: 6: 8: 5 : 5    4    3    2    1    
83: 24: 5: 4: 5 : 2    5    1    3    4    
84: 9: 5: 9: 5 : 5    2    1    4    3    
85: 17: 10: 1: 5 : 5    4    1    3    2    
86: 13: 28: 4: 5 : 1    3    5    4    2    
87: 7: 24: 7: 5 : 2    1    4    3    5    
88: 16: 24: 7: 5 : 4    3    1    5    2    
89: 23: 24: 9: 5 : 2    5    1    4    3    
90: 9: 22: 7: 5 : 5    4    2    3    1    
91: 1: 23: 6: 5 : 5    4    2    1    3    
92: 14: 26: 9: 5 : 1    2    3    5    4    
93: 11: 24: 8: 5 : 1    4    3    5    2    
94: 19: 23: 5: 5 : 5    3    2    1    4    
95: 14: 18: 5: 5 : 3    2    5    4    1    
96: 9: 12: 10: 5 : 2    1    5    3    4    
97: 13: 19: 1: 5 : 2    3    4    1    5    
98: 8: 24: 1: 5 : 5    3    1    2    4    
99: 12: 22: 6: 5 : 1    3    5    4    2    
100: 9: 25: 7: 5 : 3    1    2    4    5    
virtual node:28
0 0 0 0 0 0 150 0 0 0 0 150 150 150 0 0 0 0 0 0 0 0 0 0 0 0 0 0 
0 0 0 150 0 0 0 0 0 0 0 0 0 0 0 0 0 0 0 0 0 150 0 0 0 0 0 0 
0 0 0 0 0 0 0 0 0 0 0 0 0 0 150 150 0 0 0 0 0 0 0 0 0 0 0 0 
0 150 0 0 0 0 0 150 0 0 0 0 0 0 0 0 0 0 0 0 0 0 0 0 0 0 150 0 
0 0 0 0 0 0 0 0 150 0 0 0 150 0 0 0 0 150 0 0 150 0 0 0 0 150 0 0 
0 0 0 0 0 0 0 0 0 0 0 0 0 0 0 150 0 0 0 150 0 0 0 0 0 0 0 0 
150 0 0 0 0 0 0 0 0 0 150 0 0 0 0 0 0 0 0 150 0 0 0 0 0 0 0 0 
0 0 0 150 0 0 0 0 0 0 0 0 0 0 0 0 0 0 0 0 150 0 0 0 0 150 0 0 
0 0 0 0 150 0 0 0 0 0 0 0 0 0 0 0 0 0 150 0 0 0 0 0 0 0 0 0 
0 0 0 0 0 0 0 0 0 0 0 150 0 150 0 0 0 0 0 0 0 0 0 0 0 0 0 0 
0 0 0 0 0 0 150 0 0 0 0 0 150 0 0 0 0 150 0 0 0 0 0 150 0 0 0 0 
150 0 0 0 0 0 0 0 0 150 0 0 0 0 0 0 0 0 0 0 0 0 0 0 0 0 0 0 
150 0 0 0 150 0 0 0 0 0 150 0 0 0 0 0 0 0 0 0 0 0 0 0 0 0 0 0 
150 0 0 0 0 0 0 0 0 150 0 0 0 0 0 0 0 0 0 150 0 0 0 0 0 0 0 0 
0 0 150 0 0 0 0 0 0 0 0 0 0 0 0 0 0 0 0 150 0 0 0 0 0 0 0 150 
0 0 150 0 0 150 0 0 0 0 0 0 0 0 0 0 0 0 0 0 0 0 0 0 0 0 0 0 
0 0 0 0 0 0 0 0 0 0 0 0 0 0 0 0 0 150 0 0 0 150 0 0 0 0 0 150 
0 0 0 0 150 0 0 0 0 0 150 0 0 0 0 0 150 0 0 0 0 0 0 0 150 0 0 0 
0 0 0 0 0 0 0 0 150 0 0 0 0 0 0 0 0 0 0 0 0 0 150 0 0 0 0 0 
0 0 0 0 0 150 150 0 0 0 0 0 0 150 150 0 0 0 0 0 0 0 0 150 0 0 0 0 
0 0 0 0 150 0 0 150 0 0 0 0 0 0 0 0 0 0 0 0 0 0 0 0 150 0 0 0 
0 150 0 0 0 0 0 0 0 0 0 0 0 0 0 0 150 0 0 0 0 0 0 0 0 0 150 0 
0 0 0 0 0 0 0 0 0 0 0 0 0 0 0 0 0 0 150 0 0 0 0 0 0 150 0 0 
0 0 0 0 0 0 0 0 0 0 150 0 0 0 0 0 0 0 0 150 0 0 0 0 0 0 0 150 
0 0 0 0 0 0 0 0 0 0 0 0 0 0 0 0 0 150 0 0 150 0 0 0 0 0 150 0 
0 0 0 0 150 0 0 150 0 0 0 0 0 0 0 0 0 0 0 0 0 0 150 0 0 0 0 0 
0 0 0 150 0 0 0 0 0 0 0 0 0 0 0 0 0 0 0 0 0 150 0 0 150 0 0 0 
0 0 0 0 0 0 0 0 0 0 0 0 0 0 150 0 150 0 0 0 0 0 0 150 0 0 0 0 
Accept Number: 100
Solution: 0.4,0.6666666666666666:::8.933333333333334
Path:
2 22 17 28 24 20 14 10 12 
Function Location: 
2 2 22 22 22 
Path:
9 5 13 1 12 
Function Location: 
9 9 5 5 5 
Path:
23 26 8 4 27 25 18 17 
Function Location: 
23 23 26 26 26 
Path:
11 18 25 27 4 
Function Location: 
11 18 18 18 18 
Path:
1 7 20 24 28 17 22 
Function Location: 
1 1 7 7 7 
Path:
8 4 27 22 17 28 15 3 
Function Location: 
8 8 4 4 4 
Path:
13 11 24 28 15 
Function Location: 
13 13 11 11 24 
Path:
27 25 
Function Location: 
27 27 27 25 25 
Path:
9 19 23 26 5 
Function Location: 
9 19 19 19 19 
Path:
23 19 9 5 13 11 24 
Function Location: 
23 23 9 13 24 
Path:
14 1 13 5 26 
Function Location: 
14 14 14 1 1 
Path:
14 20 15 28 17 18 5 21 
Function Location: 
14 20 20 20 20 
Path:
13 5 18 
Function Location: 
13 13 5 5 18 
Path:
19 9 
Function Location: 
19 19 9 9 9 
Path:
14 20 15 3 
Function Location: 
14 20 15 15 15 
Path:
22 17 28 24 11 7 1 14 10 
Function Location: 
22 22 17 17 17 
Path:
23 26 5 18 11 24 20 6 
Function Location: 
23 11 6 6 6 
Path:
11 7 20 24 
Function Location: 
11 11 7 7 7 
Path:
2 4 8 21 25 18 
Function Location: 
2 4 8 21 21 
Path:
7 1 12 10 14 20 6 16 
Function Location: 
7 12 12 12 12 
Path:
12 1 13 11 18 17 28 24 20 
Function Location: 
12 28 28 28 28 
Path:
12 10 14 20 24 28 17 22 27 
Function Location: 
12 10 10 10 10 
Path:
22 2 4 8 21 25 18 11 24 20 15 3 16 
Function Location: 
22 3 3 3 3 
Path:
6 20 14 10 
Function Location: 
6 6 6 20 20 
Path:
24 28 15 3 16 
Function Location: 
24 16 16 16 16 
Path:
22 27 4 8 21 5 18 11 13 1 14 10 12 
Function Location: 
22 27 27 27 27 
Path:
2 4 8 21 5 13 1 7 
Function Location: 
2 4 4 4 8 
Path:
19 23 26 8 4 2 22 17 28 15 20 7 
Function Location: 
19 26 26 28 28 
Path:
27 25 18 11 7 20 15 28 
Function Location: 
27 25 25 25 25 
Path:
8 26 5 18 11 13 1 7 20 15 28 
Function Location: 
8 5 18 11 15 
Path:
19 9 5 13 1 14 20 24 28 
Function Location: 
19 13 13 1 28 
Path:
7 11 24 
Function Location: 
7 7 11 11 24 
Path:
16 3 15 28 24 
Function Location: 
16 16 3 3 3 
Path:
9 5 21 25 27 22 
Function Location: 
9 5 5 21 21 
Path:
9 19 23 26 5 21 25 
Function Location: 
9 23 23 23 23 
Path:
17 18 5 26 8 
Function Location: 
17 17 18 18 8 
Path:
22 2 4 8 21 5 13 11 7 
Function Location: 
22 22 2 2 2 
Path:
26 8 4 2 22 27 
Function Location: 
26 8 8 4 4 
Path:
24 11 18 25 27 
Function Location: 
24 11 18 18 25 
Path:
26 5 21 8 4 2 22 
Function Location: 
26 5 5 21 4 
Path:
28 15 20 7 11 13 
Function Location: 
28 28 15 15 15 
Path:
17 18 25 
Function Location: 
17 17 18 18 18 
Path:
17 22 2 4 27 25 21 5 9 
Function Location: 
17 22 22 4 4 
Path:
5 13 1 7 20 6 16 3 15 
Function Location: 
5 13 13 13 6 
Path:
23 19 9 5 21 
Function Location: 
23 23 23 19 21 
Path:
1 13 5 26 23 
Function Location: 
1 1 1 13 13 
Path:
12 10 14 20 6 16 3 15 28 17 22 
Function Location: 
12 10 10 10 10 
Path:
15 20 7 11 13 5 26 8 4 27 
Function Location: 
15 15 20 20 20 
Path:
18 25 27 22 
Function Location: 
18 25 25 27 27 
Path:
19 9 5 21 25 27 22 17 28 15 20 14 1 
Function Location: 
19 22 14 14 14 
Path:
6 20 7 1 13 5 26 
Function Location: 
6 6 6 20 7 
Path:
23 26 5 
Function Location: 
23 26 26 26 5 
Path:
21 8 4 2 
Function Location: 
21 21 8 8 8 
Path:
19 9 5 26 8 4 27 22 17 
Function Location: 
19 9 9 9 4 
Path:
26 8 21 5 13 
Function Location: 
26 8 21 21 13 
Path:
7 11 18 25 21 8 
Function Location: 
7 7 11 11 11 
Path:
8 26 5 18 17 28 24 
Function Location: 
8 28 28 24 24 
Path:
19 23 
Function Location: 
19 23 23 23 23 
Path:
14 1 7 11 18 
Function Location: 
14 14 1 1 1 
Path:
16 6 
Function Location: 
16 16 16 16 6 
Path:
6 16 3 15 28 17 22 27 4 
Function Location: 
6 16 16 3 3 
Path:
6 20 24 11 
Function Location: 
6 6 20 24 24 
Path:
3 16 6 20 
Function Location: 
3 16 16 16 16 
Path:
20 14 10 12 
Function Location: 
20 14 10 10 12 
Path:
19 23 26 5 18 17 28 15 
Function Location: 
19 17 28 28 28 
Path:
12 1 7 
Function Location: 
12 12 12 12 1 
Path:
24 11 13 5 
Function Location: 
24 11 11 13 5 
Path:
13 5 18 17 28 
Function Location: 
13 5 28 28 28 
Path:
1 7 11 24 28 15 3 16 6 
Function Location: 
1 15 15 15 15 
Path:
7 20 24 11 18 5 
Function Location: 
7 20 24 18 18 
Path:
10 12 1 13 5 18 17 22 
Function Location: 
10 22 22 22 22 
Path:
11 18 17 22 2 
Function Location: 
11 22 22 2 2 
Path:
27 25 21 8 
Function Location: 
27 27 25 25 25 
Path:
3 15 28 
Function Location: 
3 3 15 15 15 
Path:
16 3 15 28 17 18 5 26 
Function Location: 
16 17 17 17 26 
Path:
8 21 25 18 11 24 20 
Function Location: 
8 21 21 21 21 
Path:
17 18 25 
Function Location: 
17 17 18 18 18 
Path:
24 11 13 5 26 8 4 27 25 
Function Location: 
24 4 4 4 4 
Path:
24 28 
Function Location: 
24 24 28 28 28 
Path:
5 13 11 7 1 14 
Function Location: 
5 7 14 14 14 
Path:
21 25 18 11 7 20 15 3 
Function Location: 
21 25 25 25 3 
Path:
11 7 1 14 
Function Location: 
11 11 7 7 14 
Path:
11 18 17 22 
Function Location: 
11 22 22 22 22 
Path:
20 14 10 
Function Location: 
20 10 10 10 10 
Path:
5 13 1 14 
Function Location: 
5 5 13 13 13 
Path:
16 6 20 24 11 18 25 21 
Function Location: 
16 16 6 6 6 
Path:
5 26 8 4 2 22 17 18 25 21 
Function Location: 
5 26 2 2 2 
Path:
9 19 23 26 8 4 2 22 17 18 11 7 1 
Function Location: 
9 9 9 9 19 
Path:
13 1 14 
Function Location: 
13 1 1 1 1 
Path:
2 22 17 18 11 7 1 
Function Location: 
2 22 17 17 17 
Path:
3 16 6 20 24 11 18 25 21 
Function Location: 
3 3 16 16 16 
Path:
10 12 1 13 11 24 20 6 16 
Function Location: 
10 12 12 12 12 
Path:
11 24 20 6 16 
Function Location: 
11 24 24 24 24 
Path:
23 26 8 4 27 25 18 11 7 20 
Function Location: 
23 8 27 27 27 
Path:
19 23 26 8 4 2 
Function Location: 
19 26 8 8 4 
Path:
17 18 11 7 1 12 
Function Location: 
17 18 18 18 18 
Path:
2 4 27 25 21 5 13 11 
Function Location: 
2 4 4 27 27 
Path:
17 28 15 20 14 10 
Function Location: 
17 28 28 15 15 
Path:
13 5 9 19 
Function Location: 
13 5 5 5 9 
Path:
8 21 5 13 1 7 20 24 
Function Location: 
8 21 21 21 7 
