number of function:3
1: 1
2: 1
3: 1
number of Demand:100
1: 34: 33: 1: 3 : 1    2    3    
2: 26: 19: 1: 3 : 1    2    3    
3: 34: 10: 1: 3 : 1    2    3    
4: 29: 26: 1: 3 : 1    3    2    
5: 7: 24: 1: 3 : 1    3    2    
6: 20: 26: 1: 3 : 2    1    3    
7: 28: 21: 1: 3 : 3    2    1    
8: 32: 11: 1: 3 : 1    3    2    
9: 35: 34: 1: 3 : 1    2    3    
10: 5: 23: 1: 3 : 2    1    3    
11: 31: 17: 1: 3 : 2    1    3    
12: 12: 13: 1: 3 : 1    3    2    
13: 34: 30: 1: 3 : 3    1    2    
14: 12: 26: 1: 3 : 1    2    3    
15: 12: 8: 1: 3 : 3    1    2    
16: 29: 13: 1: 3 : 3    2    1    
17: 21: 26: 1: 3 : 1    2    3    
18: 20: 5: 1: 3 : 3    2    1    
19: 15: 11: 1: 3 : 2    3    1    
20: 13: 26: 1: 3 : 2    1    3    
21: 22: 25: 1: 3 : 2    1    3    
22: 36: 31: 1: 3 : 2    1    3    
23: 27: 12: 1: 3 : 2    3    1    
24: 30: 19: 1: 3 : 1    3    2    
25: 5: 16: 1: 3 : 3    1    2    
26: 35: 34: 1: 3 : 1    3    2    
27: 6: 21: 1: 3 : 1    3    2    
28: 33: 10: 1: 3 : 2    3    1    
29: 21: 13: 1: 3 : 1    3    2    
30: 30: 22: 1: 3 : 2    3    1    
31: 16: 15: 1: 3 : 3    2    1    
32: 31: 20: 1: 3 : 2    1    3    
33: 6: 15: 1: 3 : 1    3    2    
34: 6: 12: 1: 3 : 3    1    2    
35: 21: 20: 1: 3 : 3    1    2    
36: 11: 5: 1: 3 : 3    1    2    
37: 13: 30: 1: 3 : 1    3    2    
38: 5: 17: 1: 3 : 2    3    1    
39: 8: 26: 1: 3 : 1    2    3    
40: 25: 19: 1: 3 : 3    1    2    
41: 25: 14: 1: 3 : 2    1    3    
42: 8: 11: 1: 3 : 1    2    3    
43: 10: 23: 1: 3 : 2    1    3    
44: 10: 11: 1: 3 : 1    2    3    
45: 36: 21: 1: 3 : 1    2    3    
46: 14: 22: 1: 3 : 1    2    3    
47: 7: 30: 1: 3 : 2    3    1    
48: 24: 18: 1: 3 : 3    2    1    
49: 11: 15: 1: 3 : 3    2    1    
50: 36: 34: 1: 3 : 3    2    1    
51: 17: 35: 1: 3 : 1    3    2    
52: 7: 33: 1: 3 : 3    2    1    
53: 25: 24: 1: 3 : 3    2    1    
54: 21: 33: 1: 3 : 2    3    1    
55: 5: 25: 1: 3 : 2    1    3    
56: 8: 29: 1: 3 : 2    1    3    
57: 31: 29: 1: 3 : 3    1    2    
58: 7: 35: 1: 3 : 1    3    2    
59: 36: 23: 1: 3 : 3    2    1    
60: 15: 31: 1: 3 : 3    1    2    
61: 8: 29: 1: 3 : 1    3    2    
62: 20: 29: 1: 3 : 1    2    3    
63: 34: 26: 1: 3 : 2    3    1    
64: 10: 36: 1: 3 : 1    3    2    
65: 26: 9: 1: 3 : 1    3    2    
66: 29: 25: 1: 3 : 3    2    1    
67: 11: 28: 1: 3 : 2    3    1    
68: 8: 29: 1: 3 : 2    3    1    
69: 27: 20: 1: 3 : 3    2    1    
70: 30: 29: 1: 3 : 3    2    1    
71: 14: 19: 1: 3 : 3    1    2    
72: 36: 13: 1: 3 : 1    3    2    
73: 12: 14: 1: 3 : 1    2    3    
74: 12: 32: 1: 3 : 3    1    2    
75: 34: 16: 1: 3 : 3    2    1    
76: 18: 35: 1: 3 : 2    3    1    
77: 6: 16: 1: 3 : 2    1    3    
78: 21: 27: 1: 3 : 3    2    1    
79: 31: 8: 1: 3 : 1    3    2    
80: 31: 28: 1: 3 : 2    3    1    
81: 22: 21: 1: 3 : 1    2    3    
82: 28: 31: 1: 3 : 2    1    3    
83: 20: 6: 1: 3 : 2    3    1    
84: 24: 25: 1: 3 : 3    1    2    
85: 19: 33: 1: 3 : 3    2    1    
86: 26: 13: 1: 3 : 3    2    1    
87: 34: 17: 1: 3 : 2    3    1    
88: 7: 10: 1: 3 : 3    1    2    
89: 10: 14: 1: 3 : 2    1    3    
90: 16: 35: 1: 3 : 2    3    1    
91: 12: 26: 1: 3 : 2    1    3    
92: 30: 22: 1: 3 : 2    1    3    
93: 16: 29: 1: 3 : 2    1    3    
94: 18: 12: 1: 3 : 1    3    2    
95: 30: 28: 1: 3 : 1    2    3    
96: 11: 22: 1: 3 : 3    1    2    
97: 8: 35: 1: 3 : 1    2    3    
98: 14: 16: 1: 3 : 1    2    3    
99: 19: 28: 1: 3 : 2    1    3    
100: 8: 17: 1: 3 : 2    1    3    
virtual node:36
0 0 0 0 20 20 20 20 20 20 20 20 20 20 20 20 20 20 20 20 20 20 20 20 20 20 20 20 20 20 20 20 20 20 20 20 
0 0 0 0 20 20 20 20 20 20 20 20 20 20 20 20 20 20 20 20 20 20 20 20 20 20 20 20 20 20 20 20 20 20 20 20 
0 0 0 0 20 20 20 20 20 20 20 20 20 20 20 20 20 20 20 20 20 20 20 20 20 20 20 20 20 20 20 20 20 20 20 20 
0 0 0 0 20 20 20 20 20 20 20 20 20 20 20 20 20 20 20 20 20 20 20 20 20 20 20 20 20 20 20 20 20 20 20 20 
20 20 20 20 0 0 0 0 0 0 0 0 0 0 0 0 0 0 0 0 0 0 0 0 0 0 0 0 0 0 0 0 0 0 0 0 
20 20 20 20 0 0 0 0 0 0 0 0 0 0 0 0 0 0 0 0 0 0 0 0 0 0 0 0 0 0 0 0 0 0 0 0 
20 20 20 20 0 0 0 0 0 0 0 0 0 0 0 0 0 0 0 0 0 0 0 0 0 0 0 0 0 0 0 0 0 0 0 0 
20 20 20 20 0 0 0 0 0 0 0 0 0 0 0 0 0 0 0 0 0 0 0 0 0 0 0 0 0 0 0 0 0 0 0 0 
20 20 20 20 0 0 0 0 0 0 0 0 0 0 0 0 0 0 0 0 0 0 0 0 0 0 0 0 0 0 0 0 0 0 0 0 
20 20 20 20 0 0 0 0 0 0 0 0 0 0 0 0 0 0 0 0 0 0 0 0 0 0 0 0 0 0 0 0 0 0 0 0 
20 20 20 20 0 0 0 0 0 0 0 0 0 0 0 0 0 0 0 0 0 0 0 0 0 0 0 0 0 0 0 0 0 0 0 0 
20 20 20 20 0 0 0 0 0 0 0 0 0 0 0 0 0 0 0 0 0 0 0 0 0 0 0 0 0 0 0 0 0 0 0 0 
20 20 20 20 0 0 0 0 0 0 0 0 0 0 0 0 0 0 0 0 0 0 0 0 0 0 0 0 0 0 0 0 0 0 0 0 
20 20 20 20 0 0 0 0 0 0 0 0 0 0 0 0 0 0 0 0 0 0 0 0 0 0 0 0 0 0 0 0 0 0 0 0 
20 20 20 20 0 0 0 0 0 0 0 0 0 0 0 0 0 0 0 0 0 0 0 0 0 0 0 0 0 0 0 0 0 0 0 0 
20 20 20 20 0 0 0 0 0 0 0 0 0 0 0 0 0 0 0 0 0 0 0 0 0 0 0 0 0 0 0 0 0 0 0 0 
20 20 20 20 0 0 0 0 0 0 0 0 0 0 0 0 0 0 0 0 0 0 0 0 0 0 0 0 0 0 0 0 0 0 0 0 
20 20 20 20 0 0 0 0 0 0 0 0 0 0 0 0 0 0 0 0 0 0 0 0 0 0 0 0 0 0 0 0 0 0 0 0 
20 20 20 20 0 0 0 0 0 0 0 0 0 0 0 0 0 0 0 0 0 0 0 0 0 0 0 0 0 0 0 0 0 0 0 0 
20 20 20 20 0 0 0 0 0 0 0 0 0 0 0 0 0 0 0 0 0 0 0 0 0 0 0 0 0 0 0 0 0 0 0 0 
20 20 20 20 0 0 0 0 0 0 0 0 0 0 0 0 0 0 0 0 0 0 0 0 0 0 0 0 0 0 0 0 0 0 0 0 
20 20 20 20 0 0 0 0 0 0 0 0 0 0 0 0 0 0 0 0 0 0 0 0 0 0 0 0 0 0 0 0 0 0 0 0 
20 20 20 20 0 0 0 0 0 0 0 0 0 0 0 0 0 0 0 0 0 0 0 0 0 0 0 0 0 0 0 0 0 0 0 0 
20 20 20 20 0 0 0 0 0 0 0 0 0 0 0 0 0 0 0 0 0 0 0 0 0 0 0 0 0 0 0 0 0 0 0 0 
20 20 20 20 0 0 0 0 0 0 0 0 0 0 0 0 0 0 0 0 0 0 0 0 0 0 0 0 0 0 0 0 0 0 0 0 
20 20 20 20 0 0 0 0 0 0 0 0 0 0 0 0 0 0 0 0 0 0 0 0 0 0 0 0 0 0 0 0 0 0 0 0 
20 20 20 20 0 0 0 0 0 0 0 0 0 0 0 0 0 0 0 0 0 0 0 0 0 0 0 0 0 0 0 0 0 0 0 0 
20 20 20 20 0 0 0 0 0 0 0 0 0 0 0 0 0 0 0 0 0 0 0 0 0 0 0 0 0 0 0 0 0 0 0 0 
20 20 20 20 0 0 0 0 0 0 0 0 0 0 0 0 0 0 0 0 0 0 0 0 0 0 0 0 0 0 0 0 0 0 0 0 
20 20 20 20 0 0 0 0 0 0 0 0 0 0 0 0 0 0 0 0 0 0 0 0 0 0 0 0 0 0 0 0 0 0 0 0 
20 20 20 20 0 0 0 0 0 0 0 0 0 0 0 0 0 0 0 0 0 0 0 0 0 0 0 0 0 0 0 0 0 0 0 0 
20 20 20 20 0 0 0 0 0 0 0 0 0 0 0 0 0 0 0 0 0 0 0 0 0 0 0 0 0 0 0 0 0 0 0 0 
20 20 20 20 0 0 0 0 0 0 0 0 0 0 0 0 0 0 0 0 0 0 0 0 0 0 0 0 0 0 0 0 0 0 0 0 
20 20 20 20 0 0 0 0 0 0 0 0 0 0 0 0 0 0 0 0 0 0 0 0 0 0 0 0 0 0 0 0 0 0 0 0 
20 20 20 20 0 0 0 0 0 0 0 0 0 0 0 0 0 0 0 0 0 0 0 0 0 0 0 0 0 0 0 0 0 0 0 0 
20 20 20 20 0 0 0 0 0 0 0 0 0 0 0 0 0 0 0 0 0 0 0 0 0 0 0 0 0 0 0 0 0 0 0 0 
Accept Number: 72
Solution: 0.15,0.95:::6.1
Path:
34 1 33 
Function Location: 
34 1 1 
Path:
26 1 19 
Function Location: 
26 1 1 
Path:
34 1 10 
Function Location: 
34 1 1 
Path:
29 1 26 
Function Location: 
29 1 1 
Path:
7 1 24 
Function Location: 
7 1 1 
Path:
20 2 26 
Function Location: 
20 2 2 
Path:
28 1 21 
Function Location: 
28 1 1 
Path:
32 1 11 
Function Location: 
32 1 1 
Path:
35 1 34 
Function Location: 
35 1 1 
Path:
5 2 23 
Function Location: 
5 2 2 
Path:
31 2 17 
Function Location: 
31 2 2 
Path:
12 2 13 
Function Location: 
12 2 2 
Path:
34 2 30 
Function Location: 
34 2 2 
Path:
12 4 26 
Function Location: 
12 4 4 
Path:
12 2 8 
Function Location: 
12 2 2 
Path:
29 4 13 
Function Location: 
29 4 4 
Path:
21 3 26 
Function Location: 
21 3 3 
Path:
20 2 5 
Function Location: 
20 2 2 
Path:
15 2 11 
Function Location: 
15 2 2 
Path:
13 4 26 
Function Location: 
13 4 4 
Path:
22 4 25 
Function Location: 
22 4 4 
Path:
36 4 31 
Function Location: 
36 4 4 
Path:
27 1 12 
Function Location: 
27 27 1 
Path:
30 4 19 
Function Location: 
30 4 4 
Path:
5 4 16 
Function Location: 
5 4 4 
Path:
35 2 34 
Function Location: 
35 35 2 
Path:
6 4 21 
Function Location: 
6 4 4 
Path:
33 3 10 
Function Location: 
33 3 3 
Path:
21 3 13 
Function Location: 
21 3 3 
Path:
30 3 22 
Function Location: 
30 3 3 
Path:
16 3 15 
Function Location: 
16 3 3 
Path:
31 4 20 
Function Location: 
31 31 4 
Path:
6 3 15 
Function Location: 
6 3 3 
Path:
6 2 12 
Function Location: 
6 6 2 
Path:
21 3 20 
Function Location: 
21 3 3 
Path:
11 3 5 
Function Location: 
11 3 3 
Path:
13 3 30 
Function Location: 
13 13 3 
Path:
5 1 17 
Function Location: 
5 17 17 
Path:
8 1 26 
Function Location: 
8 8 26 
Path:
25 1 19 
Function Location: 
25 19 19 
Path:
25 4 14 
Function Location: 
25 14 14 
Path:
8 4 11 
Function Location: 
8 11 11 
Path:
10 1 23 
Function Location: 
10 23 23 
Path:
10 3 11 
Function Location: 
10 10 3 
Path:
36 1 35 4 21 
Function Location: 
36 36 1 
Path:
14 4 22 
Function Location: 
14 22 22 
Path:
7 4 30 
Function Location: 
7 7 30 
Path:
24 4 18 
Function Location: 
24 18 18 
Path:
11 4 15 
Function Location: 
11 15 15 
Path:
36 4 34 
Function Location: 
36 4 34 
Path:
17 1 35 
Function Location: 
17 17 35 
Path:
7 2 33 
Function Location: 
7 33 33 
Path:
25 2 24 
Function Location: 
25 24 24 
Path:
21 2 33 
Function Location: 
21 2 33 
Path:
5 3 25 
Function Location: 
5 3 25 
Path:
8 1 29 
Function Location: 
8 29 29 
Path:
31 1 32 4 29 
Function Location: 
31 32 32 
Path:
7 4 35 
Function Location: 
7 4 35 
Path:
36 1 23 
Function Location: 
36 23 23 
Path:
15 1 31 
Function Location: 
15 1 31 
Path:
20 1 29 
Function Location: 
20 20 29 
Path:
34 4 26 
Function Location: 
34 26 26 
Path:
26 2 9 
Function Location: 
26 9 9 
Path:
11 2 28 
Function Location: 
11 28 28 
Path:
27 2 20 
Function Location: 
27 27 20 
Path:
14 1 19 
Function Location: 
14 19 19 
Path:
12 1 14 
Function Location: 
12 12 14 
Path:
34 3 16 
Function Location: 
16 16 16 
Path:
18 3 35 
Function Location: 
18 18 18 
Path:
22 1 21 
Function Location: 
22 22 21 
Path:
24 1 25 
Function Location: 
24 24 25 
Path:
30 2 28 
Function Location: 
30 28 28 
