number of function:3
1: 1
2: 1
3: 1
number of Demand:100
1: 28: 31: 1: 3 : 2    1    3    
2: 32: 35: 1: 3 : 1    2    3    
3: 18: 38: 1: 3 : 1    3    2    
4: 36: 40: 1: 3 : 1    2    3    
5: 14: 6: 1: 3 : 1    2    3    
6: 33: 36: 1: 3 : 3    1    2    
7: 26: 24: 1: 3 : 1    3    2    
8: 23: 48: 1: 3 : 3    1    2    
9: 12: 27: 1: 3 : 1    2    3    
10: 48: 6: 1: 3 : 2    1    3    
11: 19: 35: 1: 3 : 1    3    2    
12: 8: 40: 1: 3 : 1    3    2    
13: 10: 26: 1: 3 : 2    1    3    
14: 16: 14: 1: 3 : 1    2    3    
15: 5: 39: 1: 3 : 2    3    1    
16: 23: 27: 1: 3 : 1    3    2    
17: 47: 11: 1: 3 : 1    3    2    
18: 44: 23: 1: 3 : 2    1    3    
19: 44: 31: 1: 3 : 1    3    2    
20: 45: 39: 1: 3 : 1    2    3    
21: 30: 17: 1: 3 : 1    3    2    
22: 46: 15: 1: 3 : 1    2    3    
23: 36: 11: 1: 3 : 3    1    2    
24: 5: 19: 1: 3 : 3    2    1    
25: 33: 36: 1: 3 : 3    2    1    
26: 31: 30: 1: 3 : 2    1    3    
27: 27: 42: 1: 3 : 3    1    2    
28: 34: 19: 1: 3 : 2    3    1    
29: 24: 28: 1: 3 : 1    3    2    
30: 28: 37: 1: 3 : 2    3    1    
31: 26: 8: 1: 3 : 2    1    3    
32: 13: 6: 1: 3 : 2    3    1    
33: 24: 8: 1: 3 : 2    1    3    
34: 11: 16: 1: 3 : 2    3    1    
35: 30: 32: 1: 3 : 1    2    3    
36: 47: 9: 1: 3 : 1    2    3    
37: 13: 15: 1: 3 : 1    2    3    
38: 24: 45: 1: 3 : 1    3    2    
39: 12: 36: 1: 3 : 2    1    3    
40: 35: 27: 1: 3 : 1    3    2    
41: 45: 48: 1: 3 : 3    2    1    
42: 22: 11: 1: 3 : 3    2    1    
43: 19: 27: 1: 3 : 1    3    2    
44: 12: 48: 1: 3 : 2    1    3    
45: 33: 26: 1: 3 : 3    2    1    
46: 14: 8: 1: 3 : 3    1    2    
47: 48: 40: 1: 3 : 3    2    1    
48: 8: 23: 1: 3 : 2    3    1    
49: 16: 5: 1: 3 : 3    1    2    
50: 12: 18: 1: 3 : 1    3    2    
51: 20: 5: 1: 3 : 2    1    3    
52: 7: 34: 1: 3 : 2    1    3    
53: 5: 29: 1: 3 : 1    3    2    
54: 42: 17: 1: 3 : 3    2    1    
55: 6: 48: 1: 3 : 2    3    1    
56: 33: 26: 1: 3 : 1    2    3    
57: 16: 41: 1: 3 : 1    3    2    
58: 21: 34: 1: 3 : 1    3    2    
59: 32: 22: 1: 3 : 1    3    2    
60: 24: 27: 1: 3 : 3    2    1    
61: 8: 9: 1: 3 : 2    1    3    
62: 37: 8: 1: 3 : 3    2    1    
63: 19: 39: 1: 3 : 2    1    3    
64: 34: 48: 1: 3 : 1    2    3    
65: 13: 27: 1: 3 : 3    1    2    
66: 30: 18: 1: 3 : 1    3    2    
67: 45: 34: 1: 3 : 1    2    3    
68: 27: 43: 1: 3 : 2    3    1    
69: 45: 42: 1: 3 : 1    2    3    
70: 27: 31: 1: 3 : 1    3    2    
71: 28: 29: 1: 3 : 3    1    2    
72: 14: 38: 1: 3 : 2    1    3    
73: 29: 7: 1: 3 : 3    1    2    
74: 24: 8: 1: 3 : 1    2    3    
75: 31: 26: 1: 3 : 3    1    2    
76: 8: 24: 1: 3 : 3    2    1    
77: 25: 37: 1: 3 : 2    3    1    
78: 33: 13: 1: 3 : 2    1    3    
79: 30: 9: 1: 3 : 2    1    3    
80: 8: 39: 1: 3 : 3    2    1    
81: 23: 18: 1: 3 : 3    2    1    
82: 40: 24: 1: 3 : 1    3    2    
83: 20: 24: 1: 3 : 3    2    1    
84: 32: 17: 1: 3 : 3    2    1    
85: 39: 24: 1: 3 : 2    3    1    
86: 8: 25: 1: 3 : 2    1    3    
87: 21: 22: 1: 3 : 1    3    2    
88: 12: 18: 1: 3 : 2    1    3    
89: 40: 19: 1: 3 : 1    3    2    
90: 42: 22: 1: 3 : 1    3    2    
91: 11: 41: 1: 3 : 3    1    2    
92: 37: 29: 1: 3 : 2    3    1    
93: 36: 7: 1: 3 : 1    2    3    
94: 35: 18: 1: 3 : 2    1    3    
95: 11: 41: 1: 3 : 2    1    3    
96: 9: 40: 1: 3 : 1    3    2    
97: 41: 19: 1: 3 : 3    1    2    
98: 30: 36: 1: 3 : 2    3    1    
99: 42: 21: 1: 3 : 2    3    1    
100: 44: 38: 1: 3 : 1    3    2    
virtual node:48
0 0 0 0 20 20 20 20 20 20 20 20 20 20 20 20 20 20 20 20 20 20 20 20 20 20 20 20 20 20 20 20 20 20 20 20 20 20 20 20 20 20 20 20 20 20 20 20 
0 0 0 0 20 20 20 20 20 20 20 20 20 20 20 20 20 20 20 20 20 20 20 20 20 20 20 20 20 20 20 20 20 20 20 20 20 20 20 20 20 20 20 20 20 20 20 20 
0 0 0 0 20 20 20 20 20 20 20 20 20 20 20 20 20 20 20 20 20 20 20 20 20 20 20 20 20 20 20 20 20 20 20 20 20 20 20 20 20 20 20 20 20 20 20 20 
0 0 0 0 20 20 20 20 20 20 20 20 20 20 20 20 20 20 20 20 20 20 20 20 20 20 20 20 20 20 20 20 20 20 20 20 20 20 20 20 20 20 20 20 20 20 20 20 
20 20 20 20 0 0 0 0 0 0 0 0 0 0 0 0 0 0 0 0 0 0 0 0 0 0 0 0 0 0 0 0 0 0 0 0 0 0 0 0 0 0 0 0 0 0 0 0 
20 20 20 20 0 0 0 0 0 0 0 0 0 0 0 0 0 0 0 0 0 0 0 0 0 0 0 0 0 0 0 0 0 0 0 0 0 0 0 0 0 0 0 0 0 0 0 0 
20 20 20 20 0 0 0 0 0 0 0 0 0 0 0 0 0 0 0 0 0 0 0 0 0 0 0 0 0 0 0 0 0 0 0 0 0 0 0 0 0 0 0 0 0 0 0 0 
20 20 20 20 0 0 0 0 0 0 0 0 0 0 0 0 0 0 0 0 0 0 0 0 0 0 0 0 0 0 0 0 0 0 0 0 0 0 0 0 0 0 0 0 0 0 0 0 
20 20 20 20 0 0 0 0 0 0 0 0 0 0 0 0 0 0 0 0 0 0 0 0 0 0 0 0 0 0 0 0 0 0 0 0 0 0 0 0 0 0 0 0 0 0 0 0 
20 20 20 20 0 0 0 0 0 0 0 0 0 0 0 0 0 0 0 0 0 0 0 0 0 0 0 0 0 0 0 0 0 0 0 0 0 0 0 0 0 0 0 0 0 0 0 0 
20 20 20 20 0 0 0 0 0 0 0 0 0 0 0 0 0 0 0 0 0 0 0 0 0 0 0 0 0 0 0 0 0 0 0 0 0 0 0 0 0 0 0 0 0 0 0 0 
20 20 20 20 0 0 0 0 0 0 0 0 0 0 0 0 0 0 0 0 0 0 0 0 0 0 0 0 0 0 0 0 0 0 0 0 0 0 0 0 0 0 0 0 0 0 0 0 
20 20 20 20 0 0 0 0 0 0 0 0 0 0 0 0 0 0 0 0 0 0 0 0 0 0 0 0 0 0 0 0 0 0 0 0 0 0 0 0 0 0 0 0 0 0 0 0 
20 20 20 20 0 0 0 0 0 0 0 0 0 0 0 0 0 0 0 0 0 0 0 0 0 0 0 0 0 0 0 0 0 0 0 0 0 0 0 0 0 0 0 0 0 0 0 0 
20 20 20 20 0 0 0 0 0 0 0 0 0 0 0 0 0 0 0 0 0 0 0 0 0 0 0 0 0 0 0 0 0 0 0 0 0 0 0 0 0 0 0 0 0 0 0 0 
20 20 20 20 0 0 0 0 0 0 0 0 0 0 0 0 0 0 0 0 0 0 0 0 0 0 0 0 0 0 0 0 0 0 0 0 0 0 0 0 0 0 0 0 0 0 0 0 
20 20 20 20 0 0 0 0 0 0 0 0 0 0 0 0 0 0 0 0 0 0 0 0 0 0 0 0 0 0 0 0 0 0 0 0 0 0 0 0 0 0 0 0 0 0 0 0 
20 20 20 20 0 0 0 0 0 0 0 0 0 0 0 0 0 0 0 0 0 0 0 0 0 0 0 0 0 0 0 0 0 0 0 0 0 0 0 0 0 0 0 0 0 0 0 0 
20 20 20 20 0 0 0 0 0 0 0 0 0 0 0 0 0 0 0 0 0 0 0 0 0 0 0 0 0 0 0 0 0 0 0 0 0 0 0 0 0 0 0 0 0 0 0 0 
20 20 20 20 0 0 0 0 0 0 0 0 0 0 0 0 0 0 0 0 0 0 0 0 0 0 0 0 0 0 0 0 0 0 0 0 0 0 0 0 0 0 0 0 0 0 0 0 
20 20 20 20 0 0 0 0 0 0 0 0 0 0 0 0 0 0 0 0 0 0 0 0 0 0 0 0 0 0 0 0 0 0 0 0 0 0 0 0 0 0 0 0 0 0 0 0 
20 20 20 20 0 0 0 0 0 0 0 0 0 0 0 0 0 0 0 0 0 0 0 0 0 0 0 0 0 0 0 0 0 0 0 0 0 0 0 0 0 0 0 0 0 0 0 0 
20 20 20 20 0 0 0 0 0 0 0 0 0 0 0 0 0 0 0 0 0 0 0 0 0 0 0 0 0 0 0 0 0 0 0 0 0 0 0 0 0 0 0 0 0 0 0 0 
20 20 20 20 0 0 0 0 0 0 0 0 0 0 0 0 0 0 0 0 0 0 0 0 0 0 0 0 0 0 0 0 0 0 0 0 0 0 0 0 0 0 0 0 0 0 0 0 
20 20 20 20 0 0 0 0 0 0 0 0 0 0 0 0 0 0 0 0 0 0 0 0 0 0 0 0 0 0 0 0 0 0 0 0 0 0 0 0 0 0 0 0 0 0 0 0 
20 20 20 20 0 0 0 0 0 0 0 0 0 0 0 0 0 0 0 0 0 0 0 0 0 0 0 0 0 0 0 0 0 0 0 0 0 0 0 0 0 0 0 0 0 0 0 0 
20 20 20 20 0 0 0 0 0 0 0 0 0 0 0 0 0 0 0 0 0 0 0 0 0 0 0 0 0 0 0 0 0 0 0 0 0 0 0 0 0 0 0 0 0 0 0 0 
20 20 20 20 0 0 0 0 0 0 0 0 0 0 0 0 0 0 0 0 0 0 0 0 0 0 0 0 0 0 0 0 0 0 0 0 0 0 0 0 0 0 0 0 0 0 0 0 
20 20 20 20 0 0 0 0 0 0 0 0 0 0 0 0 0 0 0 0 0 0 0 0 0 0 0 0 0 0 0 0 0 0 0 0 0 0 0 0 0 0 0 0 0 0 0 0 
20 20 20 20 0 0 0 0 0 0 0 0 0 0 0 0 0 0 0 0 0 0 0 0 0 0 0 0 0 0 0 0 0 0 0 0 0 0 0 0 0 0 0 0 0 0 0 0 
20 20 20 20 0 0 0 0 0 0 0 0 0 0 0 0 0 0 0 0 0 0 0 0 0 0 0 0 0 0 0 0 0 0 0 0 0 0 0 0 0 0 0 0 0 0 0 0 
20 20 20 20 0 0 0 0 0 0 0 0 0 0 0 0 0 0 0 0 0 0 0 0 0 0 0 0 0 0 0 0 0 0 0 0 0 0 0 0 0 0 0 0 0 0 0 0 
20 20 20 20 0 0 0 0 0 0 0 0 0 0 0 0 0 0 0 0 0 0 0 0 0 0 0 0 0 0 0 0 0 0 0 0 0 0 0 0 0 0 0 0 0 0 0 0 
20 20 20 20 0 0 0 0 0 0 0 0 0 0 0 0 0 0 0 0 0 0 0 0 0 0 0 0 0 0 0 0 0 0 0 0 0 0 0 0 0 0 0 0 0 0 0 0 
20 20 20 20 0 0 0 0 0 0 0 0 0 0 0 0 0 0 0 0 0 0 0 0 0 0 0 0 0 0 0 0 0 0 0 0 0 0 0 0 0 0 0 0 0 0 0 0 
20 20 20 20 0 0 0 0 0 0 0 0 0 0 0 0 0 0 0 0 0 0 0 0 0 0 0 0 0 0 0 0 0 0 0 0 0 0 0 0 0 0 0 0 0 0 0 0 
20 20 20 20 0 0 0 0 0 0 0 0 0 0 0 0 0 0 0 0 0 0 0 0 0 0 0 0 0 0 0 0 0 0 0 0 0 0 0 0 0 0 0 0 0 0 0 0 
20 20 20 20 0 0 0 0 0 0 0 0 0 0 0 0 0 0 0 0 0 0 0 0 0 0 0 0 0 0 0 0 0 0 0 0 0 0 0 0 0 0 0 0 0 0 0 0 
20 20 20 20 0 0 0 0 0 0 0 0 0 0 0 0 0 0 0 0 0 0 0 0 0 0 0 0 0 0 0 0 0 0 0 0 0 0 0 0 0 0 0 0 0 0 0 0 
20 20 20 20 0 0 0 0 0 0 0 0 0 0 0 0 0 0 0 0 0 0 0 0 0 0 0 0 0 0 0 0 0 0 0 0 0 0 0 0 0 0 0 0 0 0 0 0 
20 20 20 20 0 0 0 0 0 0 0 0 0 0 0 0 0 0 0 0 0 0 0 0 0 0 0 0 0 0 0 0 0 0 0 0 0 0 0 0 0 0 0 0 0 0 0 0 
20 20 20 20 0 0 0 0 0 0 0 0 0 0 0 0 0 0 0 0 0 0 0 0 0 0 0 0 0 0 0 0 0 0 0 0 0 0 0 0 0 0 0 0 0 0 0 0 
20 20 20 20 0 0 0 0 0 0 0 0 0 0 0 0 0 0 0 0 0 0 0 0 0 0 0 0 0 0 0 0 0 0 0 0 0 0 0 0 0 0 0 0 0 0 0 0 
20 20 20 20 0 0 0 0 0 0 0 0 0 0 0 0 0 0 0 0 0 0 0 0 0 0 0 0 0 0 0 0 0 0 0 0 0 0 0 0 0 0 0 0 0 0 0 0 
20 20 20 20 0 0 0 0 0 0 0 0 0 0 0 0 0 0 0 0 0 0 0 0 0 0 0 0 0 0 0 0 0 0 0 0 0 0 0 0 0 0 0 0 0 0 0 0 
20 20 20 20 0 0 0 0 0 0 0 0 0 0 0 0 0 0 0 0 0 0 0 0 0 0 0 0 0 0 0 0 0 0 0 0 0 0 0 0 0 0 0 0 0 0 0 0 
20 20 20 20 0 0 0 0 0 0 0 0 0 0 0 0 0 0 0 0 0 0 0 0 0 0 0 0 0 0 0 0 0 0 0 0 0 0 0 0 0 0 0 0 0 0 0 0 
20 20 20 20 0 0 0 0 0 0 0 0 0 0 0 0 0 0 0 0 0 0 0 0 0 0 0 0 0 0 0 0 0 0 0 0 0 0 0 0 0 0 0 0 0 0 0 0 
Accept Number: 86
Solution: 0.1,0.95:::7.55
Path:
28 1 31 
Function Location: 
28 1 1 
Path:
32 1 35 
Function Location: 
32 1 1 
Path:
18 1 38 
Function Location: 
18 1 1 
Path:
36 1 40 
Function Location: 
36 1 1 
Path:
14 1 6 
Function Location: 
14 1 1 
Path:
33 1 36 
Function Location: 
33 1 1 
Path:
26 1 24 
Function Location: 
26 1 1 
Path:
23 1 48 
Function Location: 
23 1 1 
Path:
12 4 27 
Function Location: 
12 4 4 
Path:
48 4 6 
Function Location: 
48 4 4 
Path:
19 4 35 
Function Location: 
19 4 4 
Path:
8 4 40 
Function Location: 
8 4 4 
Path:
10 4 26 
Function Location: 
10 4 4 
Path:
16 4 14 
Function Location: 
16 4 4 
Path:
5 4 39 
Function Location: 
5 4 4 
Path:
23 2 27 
Function Location: 
23 2 2 
Path:
47 4 11 
Function Location: 
47 4 4 
Path:
44 1 23 
Function Location: 
44 44 1 
Path:
44 2 31 
Function Location: 
44 2 2 
Path:
45 2 39 
Function Location: 
45 2 2 
Path:
30 2 17 
Function Location: 
30 2 2 
Path:
46 2 15 
Function Location: 
46 2 2 
Path:
36 2 11 
Function Location: 
36 2 2 
Path:
5 2 19 
Function Location: 
5 2 2 
Path:
33 4 36 
Function Location: 
33 33 4 
Path:
31 2 30 
Function Location: 
31 2 2 
Path:
27 3 42 
Function Location: 
27 3 3 
Path:
34 3 19 
Function Location: 
34 3 3 
Path:
24 3 28 
Function Location: 
24 3 3 
Path:
28 3 37 
Function Location: 
28 3 3 
Path:
26 3 8 
Function Location: 
26 3 3 
Path:
13 3 6 
Function Location: 
13 3 3 
Path:
24 3 8 
Function Location: 
24 3 3 
Path:
11 3 16 
Function Location: 
11 3 3 
Path:
30 3 32 
Function Location: 
30 3 32 
Path:
47 2 9 
Function Location: 
47 9 9 
Path:
13 2 15 
Function Location: 
13 15 15 
Path:
24 2 45 
Function Location: 
24 2 45 
Path:
12 2 36 
Function Location: 
12 12 36 
Path:
35 1 27 
Function Location: 
35 35 27 
Path:
45 4 48 
Function Location: 
45 48 48 
Path:
22 1 11 
Function Location: 
22 22 11 
Path:
19 2 27 
Function Location: 
19 19 27 
Path:
12 3 48 
Function Location: 
12 3 48 
Path:
33 2 26 
Function Location: 
33 2 26 
Path:
14 4 8 
Function Location: 
14 8 8 
Path:
48 1 40 
Function Location: 
48 40 40 
Path:
8 1 23 
Function Location: 
8 1 23 
Path:
16 4 5 
Function Location: 
16 16 5 
Path:
12 4 18 
Function Location: 
12 18 18 
Path:
20 4 5 
Function Location: 
20 20 20 
Path:
7 4 34 
Function Location: 
7 7 34 
Path:
5 4 29 
Function Location: 
5 29 29 
Path:
42 4 17 
Function Location: 
42 17 17 
Path:
6 2 48 
Function Location: 
6 6 6 
Path:
33 4 26 
Function Location: 
33 4 26 
Path:
16 2 41 
Function Location: 
16 41 41 
Path:
21 1 34 
Function Location: 
21 21 34 
Path:
32 4 22 
Function Location: 
32 22 22 
Path:
24 4 27 
Function Location: 
24 4 27 
Path:
8 3 9 
Function Location: 
8 9 9 
Path:
37 2 8 
Function Location: 
37 37 37 
Path:
19 3 39 
Function Location: 
19 39 39 
Path:
13 1 47 3 27 
Function Location: 
13 47 47 
Path:
30 1 18 
Function Location: 
30 30 18 
Path:
45 3 34 
Function Location: 
45 3 34 
Path:
27 1 43 
Function Location: 
27 43 43 
Path:
45 1 42 
Function Location: 
45 42 42 
Path:
27 2 31 
Function Location: 
2 31 31 
Path:
28 1 29 
Function Location: 
28 29 29 
Path:
14 1 38 
Function Location: 
14 38 38 
Path:
29 1 7 
Function Location: 
29 7 7 
Path:
31 1 26 
Function Location: 
31 1 26 
Path:
25 1 37 
Function Location: 
25 25 25 
Path:
8 2 39 
Function Location: 
39 39 39 
Path:
23 4 18 
Function Location: 
23 23 18 
Path:
40 1 24 
Function Location: 
40 40 24 
Path:
32 2 17 
Function Location: 
32 17 17 
Path:
21 4 22 
Function Location: 
21 21 22 
Path:
11 4 41 
Function Location: 
11 41 41 
Path:
37 4 43 2 29 
Function Location: 
37 43 43 
Path:
36 4 7 
Function Location: 
36 36 7 
Path:
35 2 18 
Function Location: 
35 35 35 
Path:
11 2 41 
Function Location: 
11 11 41 
Path:
42 2 21 
Function Location: 
42 42 21 
Path:
44 4 38 
Function Location: 
44 38 38 
