number of function:3
1: 1
2: 1
3: 1
number of Demand:100
1: 7: 25: 1: 3 : 3    2    1    
2: 20: 5: 1: 3 : 2    3    1    
3: 17: 27: 1: 3 : 3    1    2    
4: 13: 5: 1: 3 : 1    2    3    
5: 20: 13: 1: 3 : 3    1    2    
6: 15: 23: 1: 3 : 2    1    3    
7: 32: 26: 1: 3 : 1    2    3    
8: 10: 17: 1: 3 : 3    2    1    
9: 30: 32: 1: 3 : 3    2    1    
10: 29: 24: 1: 3 : 2    1    3    
11: 8: 5: 1: 3 : 2    3    1    
12: 9: 15: 1: 3 : 3    2    1    
13: 29: 14: 1: 3 : 1    2    3    
14: 19: 31: 1: 3 : 2    3    1    
15: 30: 11: 1: 3 : 2    3    1    
16: 17: 24: 1: 3 : 3    2    1    
17: 24: 30: 1: 3 : 2    3    1    
18: 21: 25: 1: 3 : 1    3    2    
19: 16: 30: 1: 3 : 1    3    2    
20: 29: 28: 1: 3 : 2    3    1    
21: 7: 30: 1: 3 : 3    2    1    
22: 12: 16: 1: 3 : 1    3    2    
23: 12: 28: 1: 3 : 2    1    3    
24: 10: 13: 1: 3 : 1    3    2    
25: 15: 23: 1: 3 : 1    3    2    
26: 5: 18: 1: 3 : 1    3    2    
27: 30: 21: 1: 3 : 2    3    1    
28: 7: 10: 1: 3 : 1    3    2    
29: 6: 25: 1: 3 : 3    2    1    
30: 29: 11: 1: 3 : 3    1    2    
31: 24: 16: 1: 3 : 2    1    3    
32: 27: 20: 1: 3 : 3    2    1    
33: 17: 25: 1: 3 : 2    1    3    
34: 15: 26: 1: 3 : 3    2    1    
35: 8: 15: 1: 3 : 2    1    3    
36: 23: 22: 1: 3 : 3    1    2    
37: 8: 16: 1: 3 : 3    1    2    
38: 8: 7: 1: 3 : 1    2    3    
39: 6: 30: 1: 3 : 3    1    2    
40: 32: 6: 1: 3 : 3    1    2    
41: 23: 11: 1: 3 : 3    1    2    
42: 13: 9: 1: 3 : 1    3    2    
43: 20: 23: 1: 3 : 3    2    1    
44: 13: 16: 1: 3 : 2    1    3    
45: 30: 21: 1: 3 : 2    3    1    
46: 9: 7: 1: 3 : 2    1    3    
47: 9: 21: 1: 3 : 1    3    2    
48: 11: 25: 1: 3 : 2    1    3    
49: 20: 19: 1: 3 : 1    2    3    
50: 18: 32: 1: 3 : 2    1    3    
51: 32: 19: 1: 3 : 3    2    1    
52: 11: 15: 1: 3 : 2    3    1    
53: 29: 24: 1: 3 : 3    1    2    
54: 32: 19: 1: 3 : 2    1    3    
55: 24: 31: 1: 3 : 1    2    3    
56: 21: 29: 1: 3 : 3    1    2    
57: 25: 8: 1: 3 : 1    3    2    
58: 11: 23: 1: 3 : 1    2    3    
59: 11: 22: 1: 3 : 3    1    2    
60: 12: 21: 1: 3 : 1    3    2    
61: 11: 8: 1: 3 : 1    2    3    
62: 12: 11: 1: 3 : 1    3    2    
63: 17: 10: 1: 3 : 2    1    3    
64: 13: 19: 1: 3 : 1    2    3    
65: 28: 32: 1: 3 : 3    1    2    
66: 23: 20: 1: 3 : 1    2    3    
67: 25: 28: 1: 3 : 2    3    1    
68: 13: 8: 1: 3 : 2    1    3    
69: 18: 14: 1: 3 : 2    1    3    
70: 6: 10: 1: 3 : 3    1    2    
71: 5: 26: 1: 3 : 1    3    2    
72: 32: 20: 1: 3 : 2    3    1    
73: 10: 28: 1: 3 : 3    1    2    
74: 28: 10: 1: 3 : 3    2    1    
75: 30: 32: 1: 3 : 1    2    3    
76: 21: 26: 1: 3 : 1    3    2    
77: 22: 6: 1: 3 : 3    1    2    
78: 17: 23: 1: 3 : 2    3    1    
79: 6: 19: 1: 3 : 1    2    3    
80: 28: 16: 1: 3 : 1    2    3    
81: 8: 15: 1: 3 : 2    3    1    
82: 27: 23: 1: 3 : 3    2    1    
83: 11: 18: 1: 3 : 1    2    3    
84: 15: 28: 1: 3 : 2    3    1    
85: 20: 12: 1: 3 : 2    3    1    
86: 25: 8: 1: 3 : 3    1    2    
87: 19: 22: 1: 3 : 2    1    3    
88: 27: 6: 1: 3 : 2    3    1    
89: 30: 28: 1: 3 : 3    1    2    
90: 7: 8: 1: 3 : 2    1    3    
91: 19: 30: 1: 3 : 1    3    2    
92: 7: 9: 1: 3 : 2    3    1    
93: 9: 25: 1: 3 : 1    3    2    
94: 31: 21: 1: 3 : 1    2    3    
95: 29: 6: 1: 3 : 3    2    1    
96: 24: 25: 1: 3 : 1    2    3    
97: 22: 24: 1: 3 : 1    2    3    
98: 12: 23: 1: 3 : 3    1    2    
99: 10: 19: 1: 3 : 3    2    1    
100: 21: 20: 1: 3 : 2    1    3    
virtual node:32
0 0 0 0 20 20 20 20 20 20 20 20 20 20 20 20 20 20 20 20 20 20 20 20 20 20 20 20 20 20 20 20 
0 0 0 0 20 20 20 20 20 20 20 20 20 20 20 20 20 20 20 20 20 20 20 20 20 20 20 20 20 20 20 20 
0 0 0 0 20 20 20 20 20 20 20 20 20 20 20 20 20 20 20 20 20 20 20 20 20 20 20 20 20 20 20 20 
0 0 0 0 20 20 20 20 20 20 20 20 20 20 20 20 20 20 20 20 20 20 20 20 20 20 20 20 20 20 20 20 
20 20 20 20 0 0 0 0 0 0 0 0 0 0 0 0 0 0 0 0 0 0 0 0 0 0 0 0 0 0 0 0 
20 20 20 20 0 0 0 0 0 0 0 0 0 0 0 0 0 0 0 0 0 0 0 0 0 0 0 0 0 0 0 0 
20 20 20 20 0 0 0 0 0 0 0 0 0 0 0 0 0 0 0 0 0 0 0 0 0 0 0 0 0 0 0 0 
20 20 20 20 0 0 0 0 0 0 0 0 0 0 0 0 0 0 0 0 0 0 0 0 0 0 0 0 0 0 0 0 
20 20 20 20 0 0 0 0 0 0 0 0 0 0 0 0 0 0 0 0 0 0 0 0 0 0 0 0 0 0 0 0 
20 20 20 20 0 0 0 0 0 0 0 0 0 0 0 0 0 0 0 0 0 0 0 0 0 0 0 0 0 0 0 0 
20 20 20 20 0 0 0 0 0 0 0 0 0 0 0 0 0 0 0 0 0 0 0 0 0 0 0 0 0 0 0 0 
20 20 20 20 0 0 0 0 0 0 0 0 0 0 0 0 0 0 0 0 0 0 0 0 0 0 0 0 0 0 0 0 
20 20 20 20 0 0 0 0 0 0 0 0 0 0 0 0 0 0 0 0 0 0 0 0 0 0 0 0 0 0 0 0 
20 20 20 20 0 0 0 0 0 0 0 0 0 0 0 0 0 0 0 0 0 0 0 0 0 0 0 0 0 0 0 0 
20 20 20 20 0 0 0 0 0 0 0 0 0 0 0 0 0 0 0 0 0 0 0 0 0 0 0 0 0 0 0 0 
20 20 20 20 0 0 0 0 0 0 0 0 0 0 0 0 0 0 0 0 0 0 0 0 0 0 0 0 0 0 0 0 
20 20 20 20 0 0 0 0 0 0 0 0 0 0 0 0 0 0 0 0 0 0 0 0 0 0 0 0 0 0 0 0 
20 20 20 20 0 0 0 0 0 0 0 0 0 0 0 0 0 0 0 0 0 0 0 0 0 0 0 0 0 0 0 0 
20 20 20 20 0 0 0 0 0 0 0 0 0 0 0 0 0 0 0 0 0 0 0 0 0 0 0 0 0 0 0 0 
20 20 20 20 0 0 0 0 0 0 0 0 0 0 0 0 0 0 0 0 0 0 0 0 0 0 0 0 0 0 0 0 
20 20 20 20 0 0 0 0 0 0 0 0 0 0 0 0 0 0 0 0 0 0 0 0 0 0 0 0 0 0 0 0 
20 20 20 20 0 0 0 0 0 0 0 0 0 0 0 0 0 0 0 0 0 0 0 0 0 0 0 0 0 0 0 0 
20 20 20 20 0 0 0 0 0 0 0 0 0 0 0 0 0 0 0 0 0 0 0 0 0 0 0 0 0 0 0 0 
20 20 20 20 0 0 0 0 0 0 0 0 0 0 0 0 0 0 0 0 0 0 0 0 0 0 0 0 0 0 0 0 
20 20 20 20 0 0 0 0 0 0 0 0 0 0 0 0 0 0 0 0 0 0 0 0 0 0 0 0 0 0 0 0 
20 20 20 20 0 0 0 0 0 0 0 0 0 0 0 0 0 0 0 0 0 0 0 0 0 0 0 0 0 0 0 0 
20 20 20 20 0 0 0 0 0 0 0 0 0 0 0 0 0 0 0 0 0 0 0 0 0 0 0 0 0 0 0 0 
20 20 20 20 0 0 0 0 0 0 0 0 0 0 0 0 0 0 0 0 0 0 0 0 0 0 0 0 0 0 0 0 
20 20 20 20 0 0 0 0 0 0 0 0 0 0 0 0 0 0 0 0 0 0 0 0 0 0 0 0 0 0 0 0 
20 20 20 20 0 0 0 0 0 0 0 0 0 0 0 0 0 0 0 0 0 0 0 0 0 0 0 0 0 0 0 0 
20 20 20 20 0 0 0 0 0 0 0 0 0 0 0 0 0 0 0 0 0 0 0 0 0 0 0 0 0 0 0 0 
20 20 20 20 0 0 0 0 0 0 0 0 0 0 0 0 0 0 0 0 0 0 0 0 0 0 0 0 0 0 0 0 
Accept Number: 68
Solution: 0.15,0.95:::5.699999999999999
Path:
7 1 25 
Function Location: 
7 1 1 
Path:
20 1 5 
Function Location: 
20 1 1 
Path:
17 1 27 
Function Location: 
17 1 1 
Path:
13 2 5 
Function Location: 
13 2 2 
Path:
20 1 13 
Function Location: 
20 1 1 
Path:
15 1 23 
Function Location: 
15 1 1 
Path:
32 1 26 
Function Location: 
32 1 1 
Path:
10 1 17 
Function Location: 
10 1 1 
Path:
30 1 32 
Function Location: 
30 1 1 
Path:
29 2 24 
Function Location: 
29 2 2 
Path:
8 3 5 
Function Location: 
8 3 3 
Path:
9 2 15 
Function Location: 
9 2 2 
Path:
29 2 14 
Function Location: 
29 2 2 
Path:
19 2 31 
Function Location: 
19 2 2 
Path:
30 2 11 
Function Location: 
30 2 2 
Path:
17 3 24 
Function Location: 
17 3 3 
Path:
24 1 30 
Function Location: 
24 24 1 
Path:
21 2 25 
Function Location: 
21 2 2 
Path:
16 2 30 
Function Location: 
16 2 2 
Path:
29 3 28 
Function Location: 
29 3 3 
Path:
7 3 30 
Function Location: 
7 3 3 
Path:
12 3 16 
Function Location: 
12 3 3 
Path:
12 4 28 
Function Location: 
12 4 4 
Path:
10 3 13 
Function Location: 
10 3 3 
Path:
15 3 23 
Function Location: 
15 3 3 
Path:
5 3 18 
Function Location: 
5 3 3 
Path:
30 4 21 
Function Location: 
30 4 4 
Path:
7 2 10 
Function Location: 
7 2 2 
Path:
6 4 25 
Function Location: 
6 4 4 
Path:
29 4 11 
Function Location: 
29 4 4 
Path:
24 4 16 
Function Location: 
24 4 4 
Path:
27 3 20 
Function Location: 
27 27 3 
Path:
17 4 25 
Function Location: 
17 4 4 
Path:
15 4 26 
Function Location: 
15 4 4 
Path:
8 1 15 
Function Location: 
8 8 1 
Path:
23 4 22 
Function Location: 
23 4 4 
Path:
8 4 16 
Function Location: 
8 4 16 
Path:
8 4 7 
Function Location: 
8 4 7 
Path:
6 3 30 
Function Location: 
6 6 3 
Path:
32 2 6 
Function Location: 
32 32 6 
Path:
23 1 11 
Function Location: 
23 11 11 
Path:
13 1 9 
Function Location: 
13 9 9 
Path:
20 2 23 
Function Location: 
20 23 23 
Path:
13 4 16 
Function Location: 
13 16 16 
Path:
30 3 21 
Function Location: 
30 21 21 
Path:
9 1 7 
Function Location: 
9 1 7 
Path:
9 4 21 
Function Location: 
9 21 21 
Path:
11 2 25 
Function Location: 
11 25 25 
Path:
20 4 19 
Function Location: 
20 19 19 
Path:
18 2 32 
Function Location: 
18 18 18 
Path:
32 4 19 
Function Location: 
32 4 19 
Path:
11 3 15 
Function Location: 
11 3 15 
Path:
29 2 24 
Function Location: 
29 24 24 
Path:
32 2 19 
Function Location: 
32 2 19 
Path:
24 2 31 
Function Location: 
31 31 31 
Path:
25 1 8 
Function Location: 
25 25 25 
Path:
11 1 22 
Function Location: 
11 22 22 
Path:
12 2 21 
Function Location: 
12 12 12 
Path:
17 2 10 
Function Location: 
17 10 10 
Path:
28 4 32 
Function Location: 
28 28 28 
Path:
18 1 14 
Function Location: 
18 14 14 
Path:
5 2 26 
Function Location: 
5 26 26 
Path:
10 2 28 
Function Location: 
10 28 28 
Path:
21 1 26 
Function Location: 
26 26 26 
Path:
22 1 6 
Function Location: 
22 22 6 
Path:
27 2 23 
Function Location: 
27 27 23 
Path:
15 2 5 1 28 
Function Location: 
15 5 5 
Path:
22 2 31 1 24 
Function Location: 
22 31 31 
