number of function:3
1: 1
2: 1
3: 1
number of Demand:100
1: 43: 10: 1: 3 : 3    1    2    
2: 41: 16: 1: 3 : 1    2    3    
3: 23: 25: 1: 3 : 2    1    3    
4: 41: 22: 1: 3 : 1    3    2    
5: 6: 9: 1: 3 : 3    1    2    
6: 25: 10: 1: 3 : 2    1    3    
7: 20: 26: 1: 3 : 1    3    2    
8: 25: 34: 1: 3 : 2    1    3    
9: 37: 35: 1: 3 : 1    2    3    
10: 12: 25: 1: 3 : 3    2    1    
11: 35: 42: 1: 3 : 1    3    2    
12: 24: 41: 1: 3 : 3    1    2    
13: 11: 24: 1: 3 : 3    2    1    
14: 7: 19: 1: 3 : 1    3    2    
15: 18: 11: 1: 3 : 3    2    1    
16: 5: 29: 1: 3 : 3    2    1    
17: 37: 13: 1: 3 : 3    1    2    
18: 26: 32: 1: 3 : 2    1    3    
19: 30: 31: 1: 3 : 3    2    1    
20: 11: 35: 1: 3 : 1    2    3    
21: 8: 17: 1: 3 : 1    2    3    
22: 11: 37: 1: 3 : 1    2    3    
23: 5: 8: 1: 3 : 3    1    2    
24: 15: 37: 1: 3 : 3    1    2    
25: 39: 36: 1: 3 : 1    3    2    
26: 39: 42: 1: 3 : 1    2    3    
27: 29: 22: 1: 3 : 3    1    2    
28: 27: 30: 1: 3 : 1    2    3    
29: 32: 42: 1: 3 : 1    2    3    
30: 17: 38: 1: 3 : 3    2    1    
31: 29: 41: 1: 3 : 2    1    3    
32: 8: 39: 1: 3 : 1    2    3    
33: 6: 10: 1: 3 : 1    2    3    
34: 13: 37: 1: 3 : 2    1    3    
35: 31: 14: 1: 3 : 1    2    3    
36: 9: 37: 1: 3 : 3    1    2    
37: 19: 7: 1: 3 : 3    1    2    
38: 5: 14: 1: 3 : 1    3    2    
39: 32: 42: 1: 3 : 1    2    3    
40: 43: 37: 1: 3 : 2    1    3    
41: 32: 26: 1: 3 : 2    3    1    
42: 39: 10: 1: 3 : 2    1    3    
43: 7: 38: 1: 3 : 3    1    2    
44: 12: 15: 1: 3 : 2    3    1    
45: 30: 34: 1: 3 : 1    3    2    
46: 40: 44: 1: 3 : 2    1    3    
47: 27: 22: 1: 3 : 1    3    2    
48: 35: 15: 1: 3 : 3    1    2    
49: 32: 43: 1: 3 : 1    2    3    
50: 19: 14: 1: 3 : 1    2    3    
51: 6: 42: 1: 3 : 3    1    2    
52: 28: 43: 1: 3 : 3    2    1    
53: 36: 23: 1: 3 : 3    1    2    
54: 11: 22: 1: 3 : 1    3    2    
55: 18: 20: 1: 3 : 1    2    3    
56: 26: 37: 1: 3 : 3    1    2    
57: 12: 19: 1: 3 : 3    1    2    
58: 14: 32: 1: 3 : 1    2    3    
59: 15: 41: 1: 3 : 3    1    2    
60: 39: 6: 1: 3 : 1    2    3    
61: 30: 8: 1: 3 : 3    1    2    
62: 40: 11: 1: 3 : 1    2    3    
63: 38: 42: 1: 3 : 2    3    1    
64: 30: 28: 1: 3 : 3    2    1    
65: 37: 20: 1: 3 : 1    2    3    
66: 34: 27: 1: 3 : 1    3    2    
67: 34: 37: 1: 3 : 1    3    2    
68: 31: 28: 1: 3 : 1    2    3    
69: 28: 18: 1: 3 : 1    2    3    
70: 37: 42: 1: 3 : 2    3    1    
71: 24: 11: 1: 3 : 3    2    1    
72: 37: 22: 1: 3 : 3    2    1    
73: 37: 20: 1: 3 : 3    1    2    
74: 20: 24: 1: 3 : 3    2    1    
75: 35: 24: 1: 3 : 2    1    3    
76: 26: 39: 1: 3 : 2    1    3    
77: 36: 16: 1: 3 : 3    1    2    
78: 16: 30: 1: 3 : 1    2    3    
79: 43: 10: 1: 3 : 1    2    3    
80: 9: 28: 1: 3 : 2    1    3    
81: 13: 40: 1: 3 : 1    3    2    
82: 27: 14: 1: 3 : 2    1    3    
83: 34: 6: 1: 3 : 3    2    1    
84: 27: 12: 1: 3 : 1    2    3    
85: 35: 26: 1: 3 : 3    2    1    
86: 25: 38: 1: 3 : 2    1    3    
87: 12: 21: 1: 3 : 2    1    3    
88: 23: 38: 1: 3 : 2    1    3    
89: 19: 27: 1: 3 : 3    2    1    
90: 28: 9: 1: 3 : 1    3    2    
91: 36: 23: 1: 3 : 2    3    1    
92: 20: 42: 1: 3 : 3    1    2    
93: 11: 12: 1: 3 : 2    3    1    
94: 44: 17: 1: 3 : 2    3    1    
95: 17: 32: 1: 3 : 1    3    2    
96: 5: 43: 1: 3 : 2    1    3    
97: 30: 26: 1: 3 : 1    3    2    
98: 43: 27: 1: 3 : 2    3    1    
99: 14: 13: 1: 3 : 3    1    2    
100: 6: 26: 1: 3 : 1    2    3    
virtual node:44
0 0 0 0 20 20 20 20 20 20 20 20 20 20 20 20 20 20 20 20 20 20 20 20 20 20 20 20 20 20 20 20 20 20 20 20 20 20 20 20 20 20 20 20 
0 0 0 0 20 20 20 20 20 20 20 20 20 20 20 20 20 20 20 20 20 20 20 20 20 20 20 20 20 20 20 20 20 20 20 20 20 20 20 20 20 20 20 20 
0 0 0 0 20 20 20 20 20 20 20 20 20 20 20 20 20 20 20 20 20 20 20 20 20 20 20 20 20 20 20 20 20 20 20 20 20 20 20 20 20 20 20 20 
0 0 0 0 20 20 20 20 20 20 20 20 20 20 20 20 20 20 20 20 20 20 20 20 20 20 20 20 20 20 20 20 20 20 20 20 20 20 20 20 20 20 20 20 
20 20 20 20 0 0 0 0 0 0 0 0 0 0 0 0 0 0 0 0 0 0 0 0 0 0 0 0 0 0 0 0 0 0 0 0 0 0 0 0 0 0 0 0 
20 20 20 20 0 0 0 0 0 0 0 0 0 0 0 0 0 0 0 0 0 0 0 0 0 0 0 0 0 0 0 0 0 0 0 0 0 0 0 0 0 0 0 0 
20 20 20 20 0 0 0 0 0 0 0 0 0 0 0 0 0 0 0 0 0 0 0 0 0 0 0 0 0 0 0 0 0 0 0 0 0 0 0 0 0 0 0 0 
20 20 20 20 0 0 0 0 0 0 0 0 0 0 0 0 0 0 0 0 0 0 0 0 0 0 0 0 0 0 0 0 0 0 0 0 0 0 0 0 0 0 0 0 
20 20 20 20 0 0 0 0 0 0 0 0 0 0 0 0 0 0 0 0 0 0 0 0 0 0 0 0 0 0 0 0 0 0 0 0 0 0 0 0 0 0 0 0 
20 20 20 20 0 0 0 0 0 0 0 0 0 0 0 0 0 0 0 0 0 0 0 0 0 0 0 0 0 0 0 0 0 0 0 0 0 0 0 0 0 0 0 0 
20 20 20 20 0 0 0 0 0 0 0 0 0 0 0 0 0 0 0 0 0 0 0 0 0 0 0 0 0 0 0 0 0 0 0 0 0 0 0 0 0 0 0 0 
20 20 20 20 0 0 0 0 0 0 0 0 0 0 0 0 0 0 0 0 0 0 0 0 0 0 0 0 0 0 0 0 0 0 0 0 0 0 0 0 0 0 0 0 
20 20 20 20 0 0 0 0 0 0 0 0 0 0 0 0 0 0 0 0 0 0 0 0 0 0 0 0 0 0 0 0 0 0 0 0 0 0 0 0 0 0 0 0 
20 20 20 20 0 0 0 0 0 0 0 0 0 0 0 0 0 0 0 0 0 0 0 0 0 0 0 0 0 0 0 0 0 0 0 0 0 0 0 0 0 0 0 0 
20 20 20 20 0 0 0 0 0 0 0 0 0 0 0 0 0 0 0 0 0 0 0 0 0 0 0 0 0 0 0 0 0 0 0 0 0 0 0 0 0 0 0 0 
20 20 20 20 0 0 0 0 0 0 0 0 0 0 0 0 0 0 0 0 0 0 0 0 0 0 0 0 0 0 0 0 0 0 0 0 0 0 0 0 0 0 0 0 
20 20 20 20 0 0 0 0 0 0 0 0 0 0 0 0 0 0 0 0 0 0 0 0 0 0 0 0 0 0 0 0 0 0 0 0 0 0 0 0 0 0 0 0 
20 20 20 20 0 0 0 0 0 0 0 0 0 0 0 0 0 0 0 0 0 0 0 0 0 0 0 0 0 0 0 0 0 0 0 0 0 0 0 0 0 0 0 0 
20 20 20 20 0 0 0 0 0 0 0 0 0 0 0 0 0 0 0 0 0 0 0 0 0 0 0 0 0 0 0 0 0 0 0 0 0 0 0 0 0 0 0 0 
20 20 20 20 0 0 0 0 0 0 0 0 0 0 0 0 0 0 0 0 0 0 0 0 0 0 0 0 0 0 0 0 0 0 0 0 0 0 0 0 0 0 0 0 
20 20 20 20 0 0 0 0 0 0 0 0 0 0 0 0 0 0 0 0 0 0 0 0 0 0 0 0 0 0 0 0 0 0 0 0 0 0 0 0 0 0 0 0 
20 20 20 20 0 0 0 0 0 0 0 0 0 0 0 0 0 0 0 0 0 0 0 0 0 0 0 0 0 0 0 0 0 0 0 0 0 0 0 0 0 0 0 0 
20 20 20 20 0 0 0 0 0 0 0 0 0 0 0 0 0 0 0 0 0 0 0 0 0 0 0 0 0 0 0 0 0 0 0 0 0 0 0 0 0 0 0 0 
20 20 20 20 0 0 0 0 0 0 0 0 0 0 0 0 0 0 0 0 0 0 0 0 0 0 0 0 0 0 0 0 0 0 0 0 0 0 0 0 0 0 0 0 
20 20 20 20 0 0 0 0 0 0 0 0 0 0 0 0 0 0 0 0 0 0 0 0 0 0 0 0 0 0 0 0 0 0 0 0 0 0 0 0 0 0 0 0 
20 20 20 20 0 0 0 0 0 0 0 0 0 0 0 0 0 0 0 0 0 0 0 0 0 0 0 0 0 0 0 0 0 0 0 0 0 0 0 0 0 0 0 0 
20 20 20 20 0 0 0 0 0 0 0 0 0 0 0 0 0 0 0 0 0 0 0 0 0 0 0 0 0 0 0 0 0 0 0 0 0 0 0 0 0 0 0 0 
20 20 20 20 0 0 0 0 0 0 0 0 0 0 0 0 0 0 0 0 0 0 0 0 0 0 0 0 0 0 0 0 0 0 0 0 0 0 0 0 0 0 0 0 
20 20 20 20 0 0 0 0 0 0 0 0 0 0 0 0 0 0 0 0 0 0 0 0 0 0 0 0 0 0 0 0 0 0 0 0 0 0 0 0 0 0 0 0 
20 20 20 20 0 0 0 0 0 0 0 0 0 0 0 0 0 0 0 0 0 0 0 0 0 0 0 0 0 0 0 0 0 0 0 0 0 0 0 0 0 0 0 0 
20 20 20 20 0 0 0 0 0 0 0 0 0 0 0 0 0 0 0 0 0 0 0 0 0 0 0 0 0 0 0 0 0 0 0 0 0 0 0 0 0 0 0 0 
20 20 20 20 0 0 0 0 0 0 0 0 0 0 0 0 0 0 0 0 0 0 0 0 0 0 0 0 0 0 0 0 0 0 0 0 0 0 0 0 0 0 0 0 
20 20 20 20 0 0 0 0 0 0 0 0 0 0 0 0 0 0 0 0 0 0 0 0 0 0 0 0 0 0 0 0 0 0 0 0 0 0 0 0 0 0 0 0 
20 20 20 20 0 0 0 0 0 0 0 0 0 0 0 0 0 0 0 0 0 0 0 0 0 0 0 0 0 0 0 0 0 0 0 0 0 0 0 0 0 0 0 0 
20 20 20 20 0 0 0 0 0 0 0 0 0 0 0 0 0 0 0 0 0 0 0 0 0 0 0 0 0 0 0 0 0 0 0 0 0 0 0 0 0 0 0 0 
20 20 20 20 0 0 0 0 0 0 0 0 0 0 0 0 0 0 0 0 0 0 0 0 0 0 0 0 0 0 0 0 0 0 0 0 0 0 0 0 0 0 0 0 
20 20 20 20 0 0 0 0 0 0 0 0 0 0 0 0 0 0 0 0 0 0 0 0 0 0 0 0 0 0 0 0 0 0 0 0 0 0 0 0 0 0 0 0 
20 20 20 20 0 0 0 0 0 0 0 0 0 0 0 0 0 0 0 0 0 0 0 0 0 0 0 0 0 0 0 0 0 0 0 0 0 0 0 0 0 0 0 0 
20 20 20 20 0 0 0 0 0 0 0 0 0 0 0 0 0 0 0 0 0 0 0 0 0 0 0 0 0 0 0 0 0 0 0 0 0 0 0 0 0 0 0 0 
20 20 20 20 0 0 0 0 0 0 0 0 0 0 0 0 0 0 0 0 0 0 0 0 0 0 0 0 0 0 0 0 0 0 0 0 0 0 0 0 0 0 0 0 
20 20 20 20 0 0 0 0 0 0 0 0 0 0 0 0 0 0 0 0 0 0 0 0 0 0 0 0 0 0 0 0 0 0 0 0 0 0 0 0 0 0 0 0 
20 20 20 20 0 0 0 0 0 0 0 0 0 0 0 0 0 0 0 0 0 0 0 0 0 0 0 0 0 0 0 0 0 0 0 0 0 0 0 0 0 0 0 0 
20 20 20 20 0 0 0 0 0 0 0 0 0 0 0 0 0 0 0 0 0 0 0 0 0 0 0 0 0 0 0 0 0 0 0 0 0 0 0 0 0 0 0 0 
20 20 20 20 0 0 0 0 0 0 0 0 0 0 0 0 0 0 0 0 0 0 0 0 0 0 0 0 0 0 0 0 0 0 0 0 0 0 0 0 0 0 0 0 
Accept Number: 80
Solution: 0.15,0.95:::6.8999999999999995
Path:
43 1 10 
Function Location: 
43 1 1 
Path:
41 1 16 
Function Location: 
41 1 1 
Path:
23 1 25 
Function Location: 
23 1 1 
Path:
41 1 22 
Function Location: 
41 1 1 
Path:
6 1 9 
Function Location: 
6 1 1 
Path:
25 4 10 
Function Location: 
25 4 4 
Path:
20 1 26 
Function Location: 
20 1 1 
Path:
25 1 34 
Function Location: 
25 1 1 
Path:
37 1 35 
Function Location: 
37 1 1 
Path:
12 4 25 
Function Location: 
12 4 4 
Path:
35 4 42 
Function Location: 
35 4 4 
Path:
24 1 41 
Function Location: 
24 24 1 
Path:
11 4 24 
Function Location: 
11 4 4 
Path:
7 4 19 
Function Location: 
7 4 4 
Path:
18 4 11 
Function Location: 
18 4 4 
Path:
5 4 29 
Function Location: 
5 4 4 
Path:
37 4 13 
Function Location: 
37 4 4 
Path:
26 3 32 
Function Location: 
26 3 3 
Path:
30 3 31 
Function Location: 
30 3 3 
Path:
11 3 35 
Function Location: 
11 3 3 
Path:
8 3 17 
Function Location: 
8 3 3 
Path:
11 3 37 
Function Location: 
11 3 3 
Path:
5 3 8 
Function Location: 
5 3 3 
Path:
15 4 37 
Function Location: 
15 15 4 
Path:
39 3 36 
Function Location: 
39 3 3 
Path:
39 2 42 
Function Location: 
39 2 2 
Path:
29 3 22 
Function Location: 
29 3 3 
Path:
27 2 30 
Function Location: 
27 2 2 
Path:
32 2 42 
Function Location: 
32 2 2 
Path:
17 2 38 
Function Location: 
17 2 2 
Path:
29 2 41 
Function Location: 
29 2 2 
Path:
8 2 39 
Function Location: 
8 2 2 
Path:
6 2 10 
Function Location: 
6 2 2 
Path:
13 2 37 
Function Location: 
13 2 2 
Path:
31 2 14 
Function Location: 
31 14 14 
Path:
9 2 37 
Function Location: 
9 9 2 
Path:
19 3 7 
Function Location: 
19 19 7 
Path:
5 3 14 
Function Location: 
5 3 3 
Path:
32 4 42 
Function Location: 
32 42 42 
Path:
43 4 37 
Function Location: 
43 43 37 
Path:
32 1 26 
Function Location: 
32 26 26 
Path:
39 4 10 
Function Location: 
39 10 10 
Path:
7 1 38 
Function Location: 
7 38 38 
Path:
12 1 15 
Function Location: 
12 12 15 
Path:
30 4 34 
Function Location: 
30 34 34 
Path:
40 4 44 
Function Location: 
40 44 44 
Path:
27 4 22 
Function Location: 
27 22 22 
Path:
35 2 15 
Function Location: 
35 35 2 
Path:
32 4 43 
Function Location: 
32 4 43 
Path:
19 1 14 
Function Location: 
19 1 14 
Path:
6 4 42 
Function Location: 
6 42 42 
Path:
28 1 43 
Function Location: 
28 28 28 
Path:
36 1 23 
Function Location: 
36 36 23 
Path:
11 1 22 
Function Location: 
11 22 22 
Path:
18 2 20 
Function Location: 
18 20 20 
Path:
26 4 37 
Function Location: 
26 4 37 
Path:
12 3 19 
Function Location: 
12 3 19 
Path:
14 2 32 
Function Location: 
14 2 32 
Path:
15 1 41 
Function Location: 
15 41 41 
Path:
39 1 6 
Function Location: 
39 1 6 
Path:
30 2 8 
Function Location: 
30 8 8 
Path:
40 2 11 
Function Location: 
40 40 40 
Path:
38 1 42 
Function Location: 
38 38 42 
Path:
30 1 28 
Function Location: 
30 28 28 
Path:
37 2 20 
Function Location: 
37 20 20 
Path:
34 1 27 
Function Location: 
34 27 27 
Path:
34 4 44 1 37 
Function Location: 
34 44 44 
Path:
31 4 28 
Function Location: 
31 31 31 
Path:
28 4 18 
Function Location: 
18 18 18 
Path:
24 4 11 
Function Location: 
24 24 11 
Path:
35 1 24 
Function Location: 
35 35 24 
Path:
36 4 16 
Function Location: 
36 16 16 
Path:
16 1 30 
Function Location: 
16 16 30 
Path:
43 2 10 
Function Location: 
43 10 10 
Path:
9 4 23 2 28 
Function Location: 
9 23 23 
Path:
13 4 40 
Function Location: 
13 13 13 
Path:
25 2 38 
Function Location: 
25 25 38 
Path:
12 2 21 
Function Location: 
12 21 21 
Path:
36 2 23 
Function Location: 
36 36 23 
Path:
44 4 17 
Function Location: 
44 17 17 
