number of function:3
1: 1
2: 1
3: 1
number of Demand:100
1: 6: 30: 1: 3 : 1    3    2    
2: 22: 37: 1: 3 : 3    1    2    
3: 7: 21: 1: 3 : 1    3    2    
4: 12: 24: 1: 3 : 3    2    1    
5: 38: 30: 1: 3 : 1    3    2    
6: 8: 25: 1: 3 : 2    3    1    
7: 40: 15: 1: 3 : 1    2    3    
8: 30: 23: 1: 3 : 3    1    2    
9: 34: 13: 1: 3 : 1    3    2    
10: 28: 36: 1: 3 : 2    3    1    
11: 25: 39: 1: 3 : 1    2    3    
12: 36: 13: 1: 3 : 2    1    3    
13: 16: 34: 1: 3 : 1    3    2    
14: 40: 16: 1: 3 : 3    1    2    
15: 23: 27: 1: 3 : 2    3    1    
16: 5: 40: 1: 3 : 3    2    1    
17: 33: 7: 1: 3 : 3    1    2    
18: 20: 37: 1: 3 : 1    3    2    
19: 35: 26: 1: 3 : 1    2    3    
20: 11: 18: 1: 3 : 1    3    2    
21: 12: 26: 1: 3 : 2    3    1    
22: 19: 39: 1: 3 : 1    2    3    
23: 26: 37: 1: 3 : 2    1    3    
24: 5: 34: 1: 3 : 2    3    1    
25: 40: 6: 1: 3 : 1    2    3    
26: 14: 30: 1: 3 : 1    3    2    
27: 5: 25: 1: 3 : 1    2    3    
28: 13: 39: 1: 3 : 2    1    3    
29: 36: 23: 1: 3 : 2    1    3    
30: 38: 6: 1: 3 : 3    1    2    
31: 36: 18: 1: 3 : 1    2    3    
32: 16: 37: 1: 3 : 3    1    2    
33: 37: 28: 1: 3 : 3    2    1    
34: 15: 39: 1: 3 : 2    3    1    
35: 11: 15: 1: 3 : 2    3    1    
36: 20: 32: 1: 3 : 3    1    2    
37: 39: 30: 1: 3 : 1    3    2    
38: 6: 38: 1: 3 : 2    3    1    
39: 35: 33: 1: 3 : 1    2    3    
40: 22: 10: 1: 3 : 3    1    2    
41: 17: 30: 1: 3 : 2    1    3    
42: 27: 24: 1: 3 : 2    1    3    
43: 5: 16: 1: 3 : 1    3    2    
44: 20: 33: 1: 3 : 2    3    1    
45: 14: 26: 1: 3 : 1    2    3    
46: 27: 38: 1: 3 : 3    1    2    
47: 17: 9: 1: 3 : 2    3    1    
48: 13: 11: 1: 3 : 2    3    1    
49: 26: 10: 1: 3 : 2    3    1    
50: 32: 39: 1: 3 : 2    1    3    
51: 22: 27: 1: 3 : 3    2    1    
52: 23: 32: 1: 3 : 3    1    2    
53: 9: 37: 1: 3 : 3    2    1    
54: 22: 32: 1: 3 : 2    1    3    
55: 23: 17: 1: 3 : 3    2    1    
56: 29: 27: 1: 3 : 3    2    1    
57: 14: 8: 1: 3 : 1    2    3    
58: 14: 21: 1: 3 : 3    1    2    
59: 22: 13: 1: 3 : 2    1    3    
60: 25: 11: 1: 3 : 1    3    2    
61: 10: 28: 1: 3 : 3    1    2    
62: 7: 39: 1: 3 : 1    3    2    
63: 36: 26: 1: 3 : 1    3    2    
64: 25: 30: 1: 3 : 1    2    3    
65: 40: 13: 1: 3 : 2    3    1    
66: 29: 26: 1: 3 : 2    1    3    
67: 18: 10: 1: 3 : 3    1    2    
68: 19: 6: 1: 3 : 3    1    2    
69: 35: 33: 1: 3 : 3    2    1    
70: 12: 33: 1: 3 : 2    1    3    
71: 13: 20: 1: 3 : 2    3    1    
72: 38: 6: 1: 3 : 2    3    1    
73: 26: 22: 1: 3 : 3    1    2    
74: 37: 27: 1: 3 : 1    3    2    
75: 29: 12: 1: 3 : 2    1    3    
76: 16: 11: 1: 3 : 1    2    3    
77: 23: 8: 1: 3 : 1    3    2    
78: 22: 28: 1: 3 : 3    1    2    
79: 36: 38: 1: 3 : 1    2    3    
80: 31: 12: 1: 3 : 1    2    3    
81: 19: 13: 1: 3 : 1    2    3    
82: 23: 10: 1: 3 : 1    3    2    
83: 38: 36: 1: 3 : 2    1    3    
84: 13: 24: 1: 3 : 3    1    2    
85: 32: 15: 1: 3 : 2    3    1    
86: 12: 23: 1: 3 : 2    1    3    
87: 17: 19: 1: 3 : 2    3    1    
88: 37: 26: 1: 3 : 2    1    3    
89: 8: 7: 1: 3 : 2    1    3    
90: 39: 17: 1: 3 : 1    2    3    
91: 5: 8: 1: 3 : 2    3    1    
92: 26: 20: 1: 3 : 1    3    2    
93: 11: 30: 1: 3 : 1    2    3    
94: 13: 14: 1: 3 : 2    1    3    
95: 35: 38: 1: 3 : 3    1    2    
96: 20: 12: 1: 3 : 1    2    3    
97: 12: 38: 1: 3 : 2    1    3    
98: 22: 36: 1: 3 : 3    1    2    
99: 13: 24: 1: 3 : 1    3    2    
100: 35: 31: 1: 3 : 3    1    2    
virtual node:40
0 0 0 0 20 20 20 20 20 20 20 20 20 20 20 20 20 20 20 20 20 20 20 20 20 20 20 20 20 20 20 20 20 20 20 20 20 20 20 20 
0 0 0 0 20 20 20 20 20 20 20 20 20 20 20 20 20 20 20 20 20 20 20 20 20 20 20 20 20 20 20 20 20 20 20 20 20 20 20 20 
0 0 0 0 20 20 20 20 20 20 20 20 20 20 20 20 20 20 20 20 20 20 20 20 20 20 20 20 20 20 20 20 20 20 20 20 20 20 20 20 
0 0 0 0 20 20 20 20 20 20 20 20 20 20 20 20 20 20 20 20 20 20 20 20 20 20 20 20 20 20 20 20 20 20 20 20 20 20 20 20 
20 20 20 20 0 0 0 0 0 0 0 0 0 0 0 0 0 0 0 0 0 0 0 0 0 0 0 0 0 0 0 0 0 0 0 0 0 0 0 0 
20 20 20 20 0 0 0 0 0 0 0 0 0 0 0 0 0 0 0 0 0 0 0 0 0 0 0 0 0 0 0 0 0 0 0 0 0 0 0 0 
20 20 20 20 0 0 0 0 0 0 0 0 0 0 0 0 0 0 0 0 0 0 0 0 0 0 0 0 0 0 0 0 0 0 0 0 0 0 0 0 
20 20 20 20 0 0 0 0 0 0 0 0 0 0 0 0 0 0 0 0 0 0 0 0 0 0 0 0 0 0 0 0 0 0 0 0 0 0 0 0 
20 20 20 20 0 0 0 0 0 0 0 0 0 0 0 0 0 0 0 0 0 0 0 0 0 0 0 0 0 0 0 0 0 0 0 0 0 0 0 0 
20 20 20 20 0 0 0 0 0 0 0 0 0 0 0 0 0 0 0 0 0 0 0 0 0 0 0 0 0 0 0 0 0 0 0 0 0 0 0 0 
20 20 20 20 0 0 0 0 0 0 0 0 0 0 0 0 0 0 0 0 0 0 0 0 0 0 0 0 0 0 0 0 0 0 0 0 0 0 0 0 
20 20 20 20 0 0 0 0 0 0 0 0 0 0 0 0 0 0 0 0 0 0 0 0 0 0 0 0 0 0 0 0 0 0 0 0 0 0 0 0 
20 20 20 20 0 0 0 0 0 0 0 0 0 0 0 0 0 0 0 0 0 0 0 0 0 0 0 0 0 0 0 0 0 0 0 0 0 0 0 0 
20 20 20 20 0 0 0 0 0 0 0 0 0 0 0 0 0 0 0 0 0 0 0 0 0 0 0 0 0 0 0 0 0 0 0 0 0 0 0 0 
20 20 20 20 0 0 0 0 0 0 0 0 0 0 0 0 0 0 0 0 0 0 0 0 0 0 0 0 0 0 0 0 0 0 0 0 0 0 0 0 
20 20 20 20 0 0 0 0 0 0 0 0 0 0 0 0 0 0 0 0 0 0 0 0 0 0 0 0 0 0 0 0 0 0 0 0 0 0 0 0 
20 20 20 20 0 0 0 0 0 0 0 0 0 0 0 0 0 0 0 0 0 0 0 0 0 0 0 0 0 0 0 0 0 0 0 0 0 0 0 0 
20 20 20 20 0 0 0 0 0 0 0 0 0 0 0 0 0 0 0 0 0 0 0 0 0 0 0 0 0 0 0 0 0 0 0 0 0 0 0 0 
20 20 20 20 0 0 0 0 0 0 0 0 0 0 0 0 0 0 0 0 0 0 0 0 0 0 0 0 0 0 0 0 0 0 0 0 0 0 0 0 
20 20 20 20 0 0 0 0 0 0 0 0 0 0 0 0 0 0 0 0 0 0 0 0 0 0 0 0 0 0 0 0 0 0 0 0 0 0 0 0 
20 20 20 20 0 0 0 0 0 0 0 0 0 0 0 0 0 0 0 0 0 0 0 0 0 0 0 0 0 0 0 0 0 0 0 0 0 0 0 0 
20 20 20 20 0 0 0 0 0 0 0 0 0 0 0 0 0 0 0 0 0 0 0 0 0 0 0 0 0 0 0 0 0 0 0 0 0 0 0 0 
20 20 20 20 0 0 0 0 0 0 0 0 0 0 0 0 0 0 0 0 0 0 0 0 0 0 0 0 0 0 0 0 0 0 0 0 0 0 0 0 
20 20 20 20 0 0 0 0 0 0 0 0 0 0 0 0 0 0 0 0 0 0 0 0 0 0 0 0 0 0 0 0 0 0 0 0 0 0 0 0 
20 20 20 20 0 0 0 0 0 0 0 0 0 0 0 0 0 0 0 0 0 0 0 0 0 0 0 0 0 0 0 0 0 0 0 0 0 0 0 0 
20 20 20 20 0 0 0 0 0 0 0 0 0 0 0 0 0 0 0 0 0 0 0 0 0 0 0 0 0 0 0 0 0 0 0 0 0 0 0 0 
20 20 20 20 0 0 0 0 0 0 0 0 0 0 0 0 0 0 0 0 0 0 0 0 0 0 0 0 0 0 0 0 0 0 0 0 0 0 0 0 
20 20 20 20 0 0 0 0 0 0 0 0 0 0 0 0 0 0 0 0 0 0 0 0 0 0 0 0 0 0 0 0 0 0 0 0 0 0 0 0 
20 20 20 20 0 0 0 0 0 0 0 0 0 0 0 0 0 0 0 0 0 0 0 0 0 0 0 0 0 0 0 0 0 0 0 0 0 0 0 0 
20 20 20 20 0 0 0 0 0 0 0 0 0 0 0 0 0 0 0 0 0 0 0 0 0 0 0 0 0 0 0 0 0 0 0 0 0 0 0 0 
20 20 20 20 0 0 0 0 0 0 0 0 0 0 0 0 0 0 0 0 0 0 0 0 0 0 0 0 0 0 0 0 0 0 0 0 0 0 0 0 
20 20 20 20 0 0 0 0 0 0 0 0 0 0 0 0 0 0 0 0 0 0 0 0 0 0 0 0 0 0 0 0 0 0 0 0 0 0 0 0 
20 20 20 20 0 0 0 0 0 0 0 0 0 0 0 0 0 0 0 0 0 0 0 0 0 0 0 0 0 0 0 0 0 0 0 0 0 0 0 0 
20 20 20 20 0 0 0 0 0 0 0 0 0 0 0 0 0 0 0 0 0 0 0 0 0 0 0 0 0 0 0 0 0 0 0 0 0 0 0 0 
20 20 20 20 0 0 0 0 0 0 0 0 0 0 0 0 0 0 0 0 0 0 0 0 0 0 0 0 0 0 0 0 0 0 0 0 0 0 0 0 
20 20 20 20 0 0 0 0 0 0 0 0 0 0 0 0 0 0 0 0 0 0 0 0 0 0 0 0 0 0 0 0 0 0 0 0 0 0 0 0 
20 20 20 20 0 0 0 0 0 0 0 0 0 0 0 0 0 0 0 0 0 0 0 0 0 0 0 0 0 0 0 0 0 0 0 0 0 0 0 0 
20 20 20 20 0 0 0 0 0 0 0 0 0 0 0 0 0 0 0 0 0 0 0 0 0 0 0 0 0 0 0 0 0 0 0 0 0 0 0 0 
20 20 20 20 0 0 0 0 0 0 0 0 0 0 0 0 0 0 0 0 0 0 0 0 0 0 0 0 0 0 0 0 0 0 0 0 0 0 0 0 
20 20 20 20 0 0 0 0 0 0 0 0 0 0 0 0 0 0 0 0 0 0 0 0 0 0 0 0 0 0 0 0 0 0 0 0 0 0 0 0 
Accept Number: 80
Solution: 0.2,0.95:::6.85
Path:
6 1 30 
Function Location: 
6 1 1 
Path:
22 1 37 
Function Location: 
22 1 1 
Path:
7 1 21 
Function Location: 
7 1 1 
Path:
12 1 24 
Function Location: 
12 1 1 
Path:
38 2 30 
Function Location: 
38 2 2 
Path:
8 1 25 
Function Location: 
8 1 1 
Path:
40 1 15 
Function Location: 
40 1 1 
Path:
30 1 23 
Function Location: 
30 1 1 
Path:
34 1 13 
Function Location: 
34 1 1 
Path:
28 2 36 
Function Location: 
28 2 2 
Path:
25 2 39 
Function Location: 
25 2 2 
Path:
36 2 13 
Function Location: 
36 2 2 
Path:
16 2 34 
Function Location: 
16 2 2 
Path:
40 2 16 
Function Location: 
40 2 2 
Path:
23 2 27 
Function Location: 
23 2 2 
Path:
5 1 40 
Function Location: 
5 5 1 
Path:
33 2 7 
Function Location: 
33 2 2 
Path:
20 4 37 
Function Location: 
20 4 4 
Path:
35 4 26 
Function Location: 
35 4 4 
Path:
11 4 18 
Function Location: 
11 4 4 
Path:
12 3 26 
Function Location: 
12 3 3 
Path:
19 4 39 
Function Location: 
19 4 4 
Path:
26 3 37 
Function Location: 
26 3 3 
Path:
5 4 34 
Function Location: 
5 4 4 
Path:
40 4 6 
Function Location: 
40 4 4 
Path:
14 4 30 
Function Location: 
14 4 4 
Path:
5 3 32 4 25 
Function Location: 
5 3 3 
Path:
13 3 39 
Function Location: 
13 3 3 
Path:
36 4 23 
Function Location: 
36 4 4 
Path:
38 3 6 
Function Location: 
38 3 3 
Path:
36 3 18 
Function Location: 
36 3 3 
Path:
16 3 37 
Function Location: 
16 3 3 
Path:
37 3 28 
Function Location: 
37 3 3 
Path:
15 2 39 
Function Location: 
15 39 39 
Path:
11 2 15 
Function Location: 
11 2 15 
Path:
20 3 32 
Function Location: 
20 32 32 
Path:
39 4 30 
Function Location: 
39 4 30 
Path:
6 3 38 
Function Location: 
6 6 3 
Path:
35 1 33 
Function Location: 
35 33 33 
Path:
22 2 10 
Function Location: 
22 10 10 
Path:
17 1 30 
Function Location: 
17 17 30 
Path:
27 1 24 
Function Location: 
27 24 24 
Path:
5 2 16 
Function Location: 
5 16 16 
Path:
20 2 33 
Function Location: 
20 20 2 
Path:
14 1 26 
Function Location: 
14 26 26 
Path:
27 4 38 
Function Location: 
27 27 38 
Path:
17 4 9 
Function Location: 
17 9 9 
Path:
13 1 11 
Function Location: 
13 13 11 
Path:
26 1 10 
Function Location: 
26 1 10 
Path:
32 3 7 4 39 
Function Location: 
32 7 7 
Path:
22 4 27 
Function Location: 
22 22 4 
Path:
23 3 32 
Function Location: 
23 23 3 
Path:
9 1 37 
Function Location: 
9 37 37 
Path:
22 3 32 
Function Location: 
22 32 32 
Path:
23 1 17 
Function Location: 
23 1 17 
Path:
29 2 27 
Function Location: 
29 29 29 
Path:
14 2 8 
Function Location: 
14 8 8 
Path:
14 3 21 
Function Location: 
14 21 21 
Path:
22 2 13 
Function Location: 
2 13 13 
Path:
25 4 11 
Function Location: 
25 25 11 
Path:
10 4 28 
Function Location: 
10 28 28 
Path:
7 3 39 
Function Location: 
7 3 39 
Path:
36 4 26 
Function Location: 
36 4 26 
Path:
25 1 30 
Function Location: 
25 30 30 
Path:
29 1 39 2 26 
Function Location: 
29 29 39 
Path:
18 1 10 
Function Location: 
18 18 18 
Path:
19 1 6 
Function Location: 
19 19 6 
Path:
35 2 33 
Function Location: 
35 35 33 
Path:
12 2 33 
Function Location: 
12 12 33 
Path:
38 1 6 
Function Location: 
38 38 6 
Path:
37 2 27 
Function Location: 
37 27 27 
Path:
23 4 8 
Function Location: 
23 8 8 
Path:
31 1 12 
Function Location: 
31 31 31 
Path:
13 2 24 
Function Location: 
24 24 24 
Path:
32 2 15 
Function Location: 
15 15 15 
Path:
12 4 40 3 23 
Function Location: 
12 40 40 
Path:
17 3 19 
Function Location: 
17 19 19 
Path:
37 1 34 2 26 
Function Location: 
37 34 34 
Path:
20 1 21 4 12 
Function Location: 
20 21 21 
Path:
35 3 31 
Function Location: 
35 31 31 
