number of function:5
1: 6
2: 2
3: 7
4: 1
5: 8
number of Demand:100
1: 8: 22: 9: 5 : 3    1    2    4    5    
2: 1: 16: 3: 5 : 3    2    4    5    1    
3: 17: 20: 2: 5 : 4    5    2    3    1    
4: 5: 23: 1: 5 : 2    1    5    3    4    
5: 12: 5: 10: 5 : 4    5    2    1    3    
6: 11: 3: 6: 5 : 5    4    3    1    2    
7: 13: 12: 8: 5 : 2    3    5    4    1    
8: 7: 28: 5: 5 : 4    3    5    1    2    
9: 7: 9: 10: 5 : 1    4    2    3    5    
10: 20: 17: 3: 5 : 5    4    3    2    1    
11: 6: 16: 10: 5 : 3    5    2    4    1    
12: 13: 12: 4: 5 : 4    2    5    1    3    
13: 25: 18: 5: 5 : 5    1    2    3    4    
14: 12: 25: 6: 5 : 4    2    5    1    3    
15: 8: 10: 3: 5 : 5    3    4    2    1    
16: 2: 1: 2: 5 : 3    2    4    1    5    
17: 15: 2: 8: 5 : 1    5    4    3    2    
18: 8: 22: 4: 5 : 4    5    1    3    2    
19: 4: 20: 8: 5 : 5    2    3    1    4    
20: 15: 26: 4: 5 : 4    1    5    2    3    
21: 7: 12: 4: 5 : 3    5    1    4    2    
22: 18: 24: 2: 5 : 4    5    2    1    3    
23: 3: 20: 6: 5 : 4    1    5    3    2    
24: 5: 4: 6: 5 : 5    2    4    1    3    
25: 18: 14: 5: 5 : 5    2    3    1    4    
26: 28: 22: 8: 5 : 5    4    1    2    3    
27: 10: 5: 5: 5 : 4    3    2    1    5    
28: 18: 2: 9: 5 : 5    3    1    2    4    
29: 3: 18: 5: 5 : 2    5    1    4    3    
30: 7: 24: 8: 5 : 1    2    3    4    5    
31: 14: 8: 2: 5 : 1    3    5    4    2    
32: 24: 13: 8: 5 : 2    1    4    5    3    
33: 16: 13: 4: 5 : 3    2    1    5    4    
34: 19: 21: 1: 5 : 3    1    5    4    2    
35: 6: 14: 6: 5 : 5    4    3    2    1    
36: 28: 24: 5: 5 : 1    5    3    4    2    
37: 15: 3: 8: 5 : 1    4    5    2    3    
38: 25: 28: 10: 5 : 5    1    3    4    2    
39: 1: 17: 8: 5 : 3    1    4    2    5    
40: 4: 10: 1: 5 : 3    1    2    4    5    
41: 6: 27: 4: 5 : 3    2    5    4    1    
42: 1: 5: 8: 5 : 3    2    5    4    1    
43: 21: 27: 10: 5 : 3    1    5    4    2    
44: 27: 28: 8: 5 : 3    4    5    1    2    
45: 16: 4: 7: 5 : 2    1    5    4    3    
46: 19: 23: 5: 5 : 1    5    3    2    4    
47: 19: 3: 6: 5 : 1    5    3    2    4    
48: 28: 14: 4: 5 : 5    2    4    1    3    
49: 7: 25: 6: 5 : 5    1    3    4    2    
50: 3: 13: 10: 5 : 1    3    4    2    5    
51: 5: 12: 3: 5 : 5    3    1    2    4    
52: 22: 12: 5: 5 : 3    1    4    2    5    
53: 17: 10: 5: 5 : 3    4    5    2    1    
54: 23: 17: 5: 5 : 5    1    3    4    2    
55: 21: 10: 1: 5 : 4    5    3    2    1    
56: 16: 26: 8: 5 : 2    5    4    3    1    
57: 14: 8: 10: 5 : 4    5    2    3    1    
58: 7: 12: 5: 5 : 4    3    1    5    2    
59: 21: 17: 1: 5 : 1    4    5    3    2    
60: 25: 3: 7: 5 : 1    3    2    4    5    
61: 5: 7: 4: 5 : 4    1    2    3    5    
62: 19: 3: 9: 5 : 5    2    1    3    4    
63: 19: 4: 1: 5 : 4    1    5    3    2    
64: 6: 20: 2: 5 : 3    5    2    1    4    
65: 18: 16: 8: 5 : 2    4    5    1    3    
66: 18: 20: 3: 5 : 4    2    3    5    1    
67: 12: 5: 3: 5 : 1    2    3    4    5    
68: 21: 11: 8: 5 : 3    5    4    2    1    
69: 25: 14: 1: 5 : 4    3    2    5    1    
70: 4: 6: 2: 5 : 3    4    1    5    2    
71: 21: 6: 5: 5 : 4    3    5    1    2    
72: 23: 13: 8: 5 : 3    5    1    2    4    
73: 22: 20: 1: 5 : 1    3    2    5    4    
74: 2: 15: 5: 5 : 4    5    3    1    2    
75: 22: 21: 5: 5 : 2    3    4    1    5    
76: 21: 16: 3: 5 : 1    5    2    4    3    
77: 16: 19: 1: 5 : 2    5    1    4    3    
78: 17: 21: 7: 5 : 2    1    5    3    4    
79: 14: 2: 7: 5 : 4    5    3    1    2    
80: 17: 10: 9: 5 : 4    1    5    3    2    
81: 13: 26: 6: 5 : 3    2    1    4    5    
82: 4: 27: 4: 5 : 3    4    1    5    2    
83: 7: 16: 6: 5 : 3    4    5    2    1    
84: 21: 3: 1: 5 : 3    2    5    4    1    
85: 20: 8: 6: 5 : 1    4    5    3    2    
86: 9: 5: 7: 5 : 3    5    4    1    2    
87: 18: 27: 2: 5 : 5    3    4    1    2    
88: 7: 15: 2: 5 : 3    5    1    4    2    
89: 19: 6: 5: 5 : 2    3    5    4    1    
90: 8: 10: 6: 5 : 2    3    4    1    5    
91: 3: 9: 1: 5 : 5    2    3    1    4    
92: 13: 6: 9: 5 : 2    1    4    3    5    
93: 18: 4: 1: 5 : 5    3    1    4    2    
94: 3: 16: 1: 5 : 2    5    1    3    4    
95: 19: 13: 4: 5 : 3    5    4    2    1    
96: 15: 19: 10: 5 : 4    3    2    1    5    
97: 17: 2: 1: 5 : 3    5    1    2    4    
98: 4: 15: 9: 5 : 3    5    2    4    1    
99: 24: 2: 10: 5 : 1    2    5    3    4    
100: 7: 20: 8: 5 : 4    5    3    2    1    
virtual node:28
0 0 0 0 0 0 200 0 0 0 0 200 200 200 0 0 0 0 0 0 0 0 0 0 0 0 0 0 
0 0 0 200 0 0 0 0 0 0 0 0 0 0 0 0 0 0 0 0 0 200 0 0 0 0 0 0 
0 0 0 0 0 0 0 0 0 0 0 0 0 0 200 200 0 0 0 0 0 0 0 0 0 0 0 0 
0 200 0 0 0 0 0 200 0 0 0 0 0 0 0 0 0 0 0 0 0 0 0 0 0 0 200 0 
0 0 0 0 0 0 0 0 200 0 0 0 200 0 0 0 0 200 0 0 200 0 0 0 0 200 0 0 
0 0 0 0 0 0 0 0 0 0 0 0 0 0 0 200 0 0 0 200 0 0 0 0 0 0 0 0 
200 0 0 0 0 0 0 0 0 0 200 0 0 0 0 0 0 0 0 200 0 0 0 0 0 0 0 0 
0 0 0 200 0 0 0 0 0 0 0 0 0 0 0 0 0 0 0 0 200 0 0 0 0 200 0 0 
0 0 0 0 200 0 0 0 0 0 0 0 0 0 0 0 0 0 200 0 0 0 0 0 0 0 0 0 
0 0 0 0 0 0 0 0 0 0 0 200 0 200 0 0 0 0 0 0 0 0 0 0 0 0 0 0 
0 0 0 0 0 0 200 0 0 0 0 0 200 0 0 0 0 200 0 0 0 0 0 200 0 0 0 0 
200 0 0 0 0 0 0 0 0 200 0 0 0 0 0 0 0 0 0 0 0 0 0 0 0 0 0 0 
200 0 0 0 200 0 0 0 0 0 200 0 0 0 0 0 0 0 0 0 0 0 0 0 0 0 0 0 
200 0 0 0 0 0 0 0 0 200 0 0 0 0 0 0 0 0 0 200 0 0 0 0 0 0 0 0 
0 0 200 0 0 0 0 0 0 0 0 0 0 0 0 0 0 0 0 200 0 0 0 0 0 0 0 200 
0 0 200 0 0 200 0 0 0 0 0 0 0 0 0 0 0 0 0 0 0 0 0 0 0 0 0 0 
0 0 0 0 0 0 0 0 0 0 0 0 0 0 0 0 0 200 0 0 0 200 0 0 0 0 0 200 
0 0 0 0 200 0 0 0 0 0 200 0 0 0 0 0 200 0 0 0 0 0 0 0 200 0 0 0 
0 0 0 0 0 0 0 0 200 0 0 0 0 0 0 0 0 0 0 0 0 0 200 0 0 0 0 0 
0 0 0 0 0 200 200 0 0 0 0 0 0 200 200 0 0 0 0 0 0 0 0 200 0 0 0 0 
0 0 0 0 200 0 0 200 0 0 0 0 0 0 0 0 0 0 0 0 0 0 0 0 200 0 0 0 
0 200 0 0 0 0 0 0 0 0 0 0 0 0 0 0 200 0 0 0 0 0 0 0 0 0 200 0 
0 0 0 0 0 0 0 0 0 0 0 0 0 0 0 0 0 0 200 0 0 0 0 0 0 200 0 0 
0 0 0 0 0 0 0 0 0 0 200 0 0 0 0 0 0 0 0 200 0 0 0 0 0 0 0 200 
0 0 0 0 0 0 0 0 0 0 0 0 0 0 0 0 0 200 0 0 200 0 0 0 0 0 200 0 
0 0 0 0 200 0 0 200 0 0 0 0 0 0 0 0 0 0 0 0 0 0 200 0 0 0 0 0 
0 0 0 200 0 0 0 0 0 0 0 0 0 0 0 0 0 0 0 0 0 200 0 0 200 0 0 0 
0 0 0 0 0 0 0 0 0 0 0 0 0 0 200 0 200 0 0 0 0 0 0 200 0 0 0 0 
Accept Number: 100
Solution: 0.315,0.508:::1.177
Path:
12 1 13 5 
Function Location: 
12 12 12 1 1 
Path:
7 11 18 25 27 4 8 26 23 19 9 
Function Location: 
7 7 7 11 11 
Path:
6 16 
Function Location: 
6 16 16 16 16 
Path:
25 18 17 28 
Function Location: 
25 18 18 18 17 
Path:
21 8 4 27 
Function Location: 
21 21 8 8 8 
Path:
3 15 20 24 11 13 
Function Location: 
3 15 15 15 15 
Path:
14 20 24 28 17 22 27 25 21 5 26 8 
Function Location: 
14 14 14 20 22 
Path:
15 28 17 18 5 9 19 
Function Location: 
15 28 28 28 9 
Path:
24 20 14 1 13 5 21 25 27 4 2 
Function Location: 
24 13 4 2 2 
Path:
8 26 5 18 17 22 
Function Location: 
8 26 26 26 26 
Path:
18 25 27 22 2 
Function Location: 
18 27 27 2 2 
Path:
19 9 5 13 1 7 20 15 3 
Function Location: 
19 19 9 7 3 
Path:
17 28 15 20 14 10 
Function Location: 
17 14 10 10 10 
Path:
13 11 7 20 6 
Function Location: 
13 11 11 7 6 
Path:
4 27 25 21 5 13 1 14 20 15 
Function Location: 
4 25 25 21 5 
Path:
13 11 7 1 12 
Function Location: 
13 1 12 12 12 
Path:
15 28 17 22 2 
Function Location: 
15 17 17 22 22 
Path:
4 8 26 5 18 11 24 20 
Function Location: 
4 26 24 24 24 
Path:
28 24 11 13 5 26 8 4 27 22 
Function Location: 
28 24 24 13 22 
Path:
7 11 24 
Function Location: 
7 7 11 11 24 
Path:
24 20 14 1 13 
Function Location: 
24 20 20 20 14 
Path:
15 3 
Function Location: 
15 3 3 3 3 
Path:
1 13 5 18 17 
Function Location: 
1 13 13 13 5 
Path:
1 7 20 6 16 3 15 28 17 18 5 
Function Location: 
1 6 6 6 16 
Path:
27 22 17 28 
Function Location: 
27 27 22 22 22 
Path:
16 6 20 7 11 18 5 26 
Function Location: 
16 6 6 26 26 
Path:
18 11 7 1 14 20 6 16 
Function Location: 
18 18 14 14 14 
Path:
21 25 18 11 
Function Location: 
21 21 21 25 25 
Path:
23 19 9 5 13 
Function Location: 
23 23 19 19 19 
Path:
7 20 
Function Location: 
7 7 20 20 20 
Path:
16 3 15 28 17 18 25 27 4 
Function Location: 
16 16 3 3 4 
Path:
25 21 8 4 2 22 17 28 15 3 
Function Location: 
25 2 2 2 2 
Path:
17 22 27 25 21 
Function Location: 
17 17 27 27 27 
Path:
14 10 12 1 13 5 26 8 4 2 
Function Location: 
14 10 10 10 10 
Path:
9 5 
Function Location: 
9 9 9 9 9 
Path:
11 24 28 15 3 
Function Location: 
11 24 24 28 28 
Path:
12 1 13 11 18 25 
Function Location: 
12 12 12 12 13 
Path:
3 16 6 20 
Function Location: 
3 3 16 16 16 
Path:
5 21 8 4 
Function Location: 
5 21 21 8 8 
Path:
6 16 3 15 28 24 11 13 1 14 
Function Location: 
6 15 28 28 14 
Path:
19 23 26 5 13 11 24 28 15 3 
Function Location: 
19 23 23 23 23 
Path:
7 11 18 25 
Function Location: 
7 18 18 25 25 
Path:
13 1 12 10 14 20 24 28 17 18 5 26 
Function Location: 
13 12 10 10 10 
Path:
7 1 12 10 14 20 6 16 
Function Location: 
7 1 12 12 12 
Path:
20 24 28 17 22 2 4 8 
Function Location: 
20 2 2 2 2 
Path:
8 21 5 13 1 12 10 
Function Location: 
8 8 8 21 21 
Path:
7 11 24 28 
Function Location: 
7 11 24 24 24 
Path:
25 18 
Function Location: 
25 25 25 18 18 
Path:
18 17 22 2 4 8 26 5 13 1 14 
Function Location: 
18 4 26 26 26 
Path:
10 14 1 13 5 
Function Location: 
10 10 10 10 14 
Path:
3 15 28 17 22 2 4 8 21 25 18 
Function Location: 
3 15 17 17 2 
Path:
28 24 
Function Location: 
28 28 24 24 24 
Path:
19 23 
Function Location: 
19 23 23 23 23 
Path:
22 27 4 8 26 23 19 9 5 13 1 12 
Function Location: 
22 19 19 19 19 
Path:
17 22 2 4 8 21 5 13 1 14 10 
Function Location: 
17 22 2 2 4 
Path:
23 26 8 4 2 22 17 
Function Location: 
23 26 26 26 26 
Path:
7 1 12 
Function Location: 
7 1 1 12 12 
Path:
21 8 26 5 13 11 7 20 6 
Function Location: 
21 8 6 6 6 
Path:
2 22 27 25 21 5 18 11 7 20 15 
Function Location: 
2 27 27 27 27 
Path:
22 27 4 8 21 
Function Location: 
22 27 4 4 4 
Path:
19 23 26 8 4 2 22 17 28 15 20 6 
Function Location: 
19 19 23 23 23 
Path:
13 11 7 1 12 
Function Location: 
13 13 13 1 12 
Path:
8 21 25 27 22 
Function Location: 
8 21 21 21 21 
Path:
15 3 16 6 20 7 11 13 5 26 
Function Location: 
15 15 3 3 3 
Path:
7 1 14 10 12 
Function Location: 
7 14 14 10 10 
Path:
16 6 20 24 11 13 
Function Location: 
16 16 16 6 6 
Path:
6 20 7 11 18 17 22 27 
Function Location: 
6 17 17 17 17 
Path:
28 15 20 14 
Function Location: 
28 15 15 15 15 
Path:
5 21 25 18 11 24 20 7 
Function Location: 
5 5 5 5 25 
Path:
4 27 
Function Location: 
4 4 4 27 27 
Path:
19 9 5 18 11 13 
Function Location: 
19 9 9 9 9 
Path:
1 14 20 6 16 
Function Location: 
1 14 14 16 16 
Path:
20 24 11 18 17 
Function Location: 
20 17 17 17 17 
Path:
8 4 2 22 17 28 15 3 16 6 20 14 10 
Function Location: 
8 2 2 2 2 
Path:
5 21 25 18 11 24 28 15 20 7 1 12 
Function Location: 
5 21 21 12 12 
Path:
18 5 13 11 24 28 15 3 16 6 20 
Function Location: 
18 13 3 3 3 
Path:
12 1 13 11 18 5 
Function Location: 
12 12 13 13 13 
Path:
21 25 27 22 17 28 15 3 16 
Function Location: 
21 22 22 22 22 
Path:
17 18 11 24 20 
Function Location: 
17 17 17 11 24 
Path:
2 22 17 28 15 20 14 1 
Function Location: 
2 2 2 2 22 
Path:
18 25 27 22 17 28 24 
Function Location: 
18 25 25 25 25 
Path:
14 1 13 5 26 8 
Function Location: 
14 26 26 26 26 
Path:
6 20 
Function Location: 
6 6 6 6 6 
Path:
4 2 22 17 28 15 3 16 6 
Function Location: 
4 4 2 3 16 
Path:
18 5 26 8 4 27 
Function Location: 
18 26 26 26 26 
Path:
7 11 24 28 15 
Function Location: 
7 15 15 15 15 
Path:
5 9 19 23 
Function Location: 
5 9 9 9 9 
Path:
19 23 26 8 21 
Function Location: 
19 19 23 23 23 
Path:
4 2 22 17 28 24 11 7 1 12 10 
Function Location: 
4 10 10 10 10 
Path:
21 8 26 5 13 1 14 10 
Function Location: 
21 8 10 10 10 
Path:
21 25 27 22 17 
Function Location: 
21 25 27 27 22 
Path:
19 23 26 8 4 
Function Location: 
19 19 23 23 23 
Path:
25 21 8 4 2 22 17 28 15 20 14 
Function Location: 
25 8 8 8 2 
Path:
22 2 4 27 25 21 5 13 11 24 20 
Function Location: 
22 2 2 2 2 
Path:
16 3 15 28 24 11 18 5 26 23 19 
Function Location: 
16 16 3 3 19 
Path:
21 8 26 23 19 9 5 18 17 28 15 3 
Function Location: 
21 9 9 9 9 
Path:
3 15 28 24 11 18 5 9 
Function Location: 
3 9 9 9 9 
Path:
18 25 27 4 
Function Location: 
18 25 4 4 4 
Path:
3 16 
Function Location: 
3 16 16 16 16 
Path:
17 22 2 
Function Location: 
17 22 22 22 22 
