number of function:3
1: 1
2: 1
3: 1
number of Demand:100
1: 5: 16: 1: 3 : 3    2    1    
2: 27: 20: 1: 3 : 2    1    3    
3: 14: 19: 1: 3 : 3    2    1    
4: 5: 10: 1: 3 : 2    1    3    
5: 8: 21: 1: 3 : 1    3    2    
6: 26: 24: 1: 3 : 1    2    3    
7: 23: 9: 1: 3 : 2    3    1    
8: 20: 28: 1: 3 : 2    1    3    
9: 20: 13: 1: 3 : 1    2    3    
10: 14: 5: 1: 3 : 2    1    3    
11: 10: 11: 1: 3 : 2    1    3    
12: 10: 23: 1: 3 : 3    2    1    
13: 27: 5: 1: 3 : 2    1    3    
14: 5: 20: 1: 3 : 1    2    3    
15: 15: 8: 1: 3 : 1    3    2    
16: 24: 20: 1: 3 : 1    2    3    
17: 26: 24: 1: 3 : 1    3    2    
18: 23: 11: 1: 3 : 1    2    3    
19: 27: 15: 1: 3 : 1    3    2    
20: 14: 24: 1: 3 : 3    1    2    
21: 11: 19: 1: 3 : 2    1    3    
22: 6: 23: 1: 3 : 3    2    1    
23: 9: 30: 1: 3 : 1    2    3    
24: 15: 17: 1: 3 : 1    3    2    
25: 20: 8: 1: 3 : 1    2    3    
26: 20: 22: 1: 3 : 3    2    1    
27: 30: 32: 1: 3 : 1    2    3    
28: 32: 27: 1: 3 : 2    1    3    
29: 11: 9: 1: 3 : 1    3    2    
30: 19: 12: 1: 3 : 2    1    3    
31: 7: 23: 1: 3 : 1    2    3    
32: 17: 6: 1: 3 : 1    2    3    
33: 17: 11: 1: 3 : 1    2    3    
34: 29: 15: 1: 3 : 3    2    1    
35: 28: 9: 1: 3 : 3    2    1    
36: 30: 23: 1: 3 : 1    3    2    
37: 30: 5: 1: 3 : 2    1    3    
38: 22: 23: 1: 3 : 2    1    3    
39: 25: 24: 1: 3 : 3    1    2    
40: 8: 30: 1: 3 : 1    2    3    
41: 18: 24: 1: 3 : 3    2    1    
42: 22: 30: 1: 3 : 2    3    1    
43: 6: 13: 1: 3 : 3    2    1    
44: 13: 16: 1: 3 : 1    2    3    
45: 26: 20: 1: 3 : 1    2    3    
46: 7: 5: 1: 3 : 2    1    3    
47: 22: 24: 1: 3 : 1    3    2    
48: 28: 8: 1: 3 : 1    3    2    
49: 15: 29: 1: 3 : 3    1    2    
50: 19: 31: 1: 3 : 3    2    1    
51: 32: 7: 1: 3 : 1    2    3    
52: 7: 6: 1: 3 : 2    1    3    
53: 9: 8: 1: 3 : 2    3    1    
54: 21: 10: 1: 3 : 3    1    2    
55: 9: 23: 1: 3 : 1    2    3    
56: 8: 22: 1: 3 : 2    3    1    
57: 13: 5: 1: 3 : 3    1    2    
58: 13: 17: 1: 3 : 3    2    1    
59: 25: 16: 1: 3 : 1    3    2    
60: 10: 28: 1: 3 : 2    1    3    
61: 20: 31: 1: 3 : 2    3    1    
62: 6: 29: 1: 3 : 1    2    3    
63: 12: 21: 1: 3 : 1    3    2    
64: 13: 32: 1: 3 : 3    1    2    
65: 22: 11: 1: 3 : 2    1    3    
66: 8: 30: 1: 3 : 3    2    1    
67: 9: 22: 1: 3 : 3    1    2    
68: 30: 19: 1: 3 : 3    1    2    
69: 7: 13: 1: 3 : 2    1    3    
70: 16: 23: 1: 3 : 1    2    3    
71: 20: 29: 1: 3 : 1    2    3    
72: 30: 22: 1: 3 : 3    1    2    
73: 14: 10: 1: 3 : 1    2    3    
74: 18: 12: 1: 3 : 1    3    2    
75: 30: 24: 1: 3 : 2    3    1    
76: 10: 12: 1: 3 : 2    1    3    
77: 12: 26: 1: 3 : 1    2    3    
78: 26: 32: 1: 3 : 3    2    1    
79: 28: 32: 1: 3 : 2    1    3    
80: 19: 12: 1: 3 : 2    3    1    
81: 10: 15: 1: 3 : 2    3    1    
82: 11: 25: 1: 3 : 3    1    2    
83: 8: 20: 1: 3 : 2    1    3    
84: 7: 11: 1: 3 : 3    1    2    
85: 21: 8: 1: 3 : 3    1    2    
86: 29: 24: 1: 3 : 1    3    2    
87: 11: 30: 1: 3 : 2    3    1    
88: 10: 19: 1: 3 : 1    2    3    
89: 17: 31: 1: 3 : 2    3    1    
90: 17: 32: 1: 3 : 2    3    1    
91: 13: 8: 1: 3 : 1    2    3    
92: 14: 30: 1: 3 : 2    3    1    
93: 21: 22: 1: 3 : 2    1    3    
94: 32: 15: 1: 3 : 3    2    1    
95: 19: 22: 1: 3 : 1    3    2    
96: 26: 16: 1: 3 : 2    3    1    
97: 28: 18: 1: 3 : 1    2    3    
98: 16: 20: 1: 3 : 1    2    3    
99: 19: 24: 1: 3 : 2    3    1    
100: 29: 13: 1: 3 : 2    3    1    
virtual node:32
0 0 0 0 20 20 20 20 20 20 20 20 20 20 20 20 20 20 20 20 20 20 20 20 20 20 20 20 20 20 20 20 
0 0 0 0 20 20 20 20 20 20 20 20 20 20 20 20 20 20 20 20 20 20 20 20 20 20 20 20 20 20 20 20 
0 0 0 0 20 20 20 20 20 20 20 20 20 20 20 20 20 20 20 20 20 20 20 20 20 20 20 20 20 20 20 20 
0 0 0 0 20 20 20 20 20 20 20 20 20 20 20 20 20 20 20 20 20 20 20 20 20 20 20 20 20 20 20 20 
20 20 20 20 0 0 0 0 0 0 0 0 0 0 0 0 0 0 0 0 0 0 0 0 0 0 0 0 0 0 0 0 
20 20 20 20 0 0 0 0 0 0 0 0 0 0 0 0 0 0 0 0 0 0 0 0 0 0 0 0 0 0 0 0 
20 20 20 20 0 0 0 0 0 0 0 0 0 0 0 0 0 0 0 0 0 0 0 0 0 0 0 0 0 0 0 0 
20 20 20 20 0 0 0 0 0 0 0 0 0 0 0 0 0 0 0 0 0 0 0 0 0 0 0 0 0 0 0 0 
20 20 20 20 0 0 0 0 0 0 0 0 0 0 0 0 0 0 0 0 0 0 0 0 0 0 0 0 0 0 0 0 
20 20 20 20 0 0 0 0 0 0 0 0 0 0 0 0 0 0 0 0 0 0 0 0 0 0 0 0 0 0 0 0 
20 20 20 20 0 0 0 0 0 0 0 0 0 0 0 0 0 0 0 0 0 0 0 0 0 0 0 0 0 0 0 0 
20 20 20 20 0 0 0 0 0 0 0 0 0 0 0 0 0 0 0 0 0 0 0 0 0 0 0 0 0 0 0 0 
20 20 20 20 0 0 0 0 0 0 0 0 0 0 0 0 0 0 0 0 0 0 0 0 0 0 0 0 0 0 0 0 
20 20 20 20 0 0 0 0 0 0 0 0 0 0 0 0 0 0 0 0 0 0 0 0 0 0 0 0 0 0 0 0 
20 20 20 20 0 0 0 0 0 0 0 0 0 0 0 0 0 0 0 0 0 0 0 0 0 0 0 0 0 0 0 0 
20 20 20 20 0 0 0 0 0 0 0 0 0 0 0 0 0 0 0 0 0 0 0 0 0 0 0 0 0 0 0 0 
20 20 20 20 0 0 0 0 0 0 0 0 0 0 0 0 0 0 0 0 0 0 0 0 0 0 0 0 0 0 0 0 
20 20 20 20 0 0 0 0 0 0 0 0 0 0 0 0 0 0 0 0 0 0 0 0 0 0 0 0 0 0 0 0 
20 20 20 20 0 0 0 0 0 0 0 0 0 0 0 0 0 0 0 0 0 0 0 0 0 0 0 0 0 0 0 0 
20 20 20 20 0 0 0 0 0 0 0 0 0 0 0 0 0 0 0 0 0 0 0 0 0 0 0 0 0 0 0 0 
20 20 20 20 0 0 0 0 0 0 0 0 0 0 0 0 0 0 0 0 0 0 0 0 0 0 0 0 0 0 0 0 
20 20 20 20 0 0 0 0 0 0 0 0 0 0 0 0 0 0 0 0 0 0 0 0 0 0 0 0 0 0 0 0 
20 20 20 20 0 0 0 0 0 0 0 0 0 0 0 0 0 0 0 0 0 0 0 0 0 0 0 0 0 0 0 0 
20 20 20 20 0 0 0 0 0 0 0 0 0 0 0 0 0 0 0 0 0 0 0 0 0 0 0 0 0 0 0 0 
20 20 20 20 0 0 0 0 0 0 0 0 0 0 0 0 0 0 0 0 0 0 0 0 0 0 0 0 0 0 0 0 
20 20 20 20 0 0 0 0 0 0 0 0 0 0 0 0 0 0 0 0 0 0 0 0 0 0 0 0 0 0 0 0 
20 20 20 20 0 0 0 0 0 0 0 0 0 0 0 0 0 0 0 0 0 0 0 0 0 0 0 0 0 0 0 0 
20 20 20 20 0 0 0 0 0 0 0 0 0 0 0 0 0 0 0 0 0 0 0 0 0 0 0 0 0 0 0 0 
20 20 20 20 0 0 0 0 0 0 0 0 0 0 0 0 0 0 0 0 0 0 0 0 0 0 0 0 0 0 0 0 
20 20 20 20 0 0 0 0 0 0 0 0 0 0 0 0 0 0 0 0 0 0 0 0 0 0 0 0 0 0 0 0 
20 20 20 20 0 0 0 0 0 0 0 0 0 0 0 0 0 0 0 0 0 0 0 0 0 0 0 0 0 0 0 0 
20 20 20 20 0 0 0 0 0 0 0 0 0 0 0 0 0 0 0 0 0 0 0 0 0 0 0 0 0 0 0 0 
Accept Number: 67
Solution: 0.15,0.95:::5.6
Path:
5 1 16 
Function Location: 
5 1 1 
Path:
27 1 20 
Function Location: 
27 1 1 
Path:
14 1 19 
Function Location: 
14 1 1 
Path:
5 1 10 
Function Location: 
5 1 1 
Path:
8 1 21 
Function Location: 
8 1 1 
Path:
26 1 24 
Function Location: 
26 1 1 
Path:
23 1 9 
Function Location: 
23 1 1 
Path:
20 1 28 
Function Location: 
20 1 1 
Path:
20 2 13 
Function Location: 
20 2 2 
Path:
14 2 5 
Function Location: 
14 2 2 
Path:
10 2 11 
Function Location: 
10 2 2 
Path:
10 2 23 
Function Location: 
10 2 2 
Path:
27 2 10 1 5 
Function Location: 
27 2 2 
Path:
5 2 20 
Function Location: 
5 2 2 
Path:
15 2 8 
Function Location: 
15 2 2 
Path:
24 4 20 
Function Location: 
24 4 4 
Path:
26 2 24 
Function Location: 
26 2 2 
Path:
23 4 11 
Function Location: 
23 4 4 
Path:
27 4 15 
Function Location: 
27 4 4 
Path:
14 4 24 
Function Location: 
14 4 4 
Path:
11 4 19 
Function Location: 
11 4 4 
Path:
6 1 23 
Function Location: 
6 6 1 
Path:
9 4 30 
Function Location: 
9 4 4 
Path:
15 4 17 
Function Location: 
15 4 4 
Path:
20 4 8 
Function Location: 
20 4 4 
Path:
20 3 22 
Function Location: 
20 3 3 
Path:
30 3 32 
Function Location: 
30 3 3 
Path:
32 1 27 
Function Location: 
32 32 32 
Path:
11 3 9 
Function Location: 
11 3 3 
Path:
19 3 12 
Function Location: 
19 3 3 
Path:
7 4 23 
Function Location: 
7 7 4 
Path:
17 2 6 
Function Location: 
17 17 2 
Path:
17 3 11 
Function Location: 
17 3 3 
Path:
29 3 15 
Function Location: 
29 3 3 
Path:
28 3 9 
Function Location: 
28 3 3 
Path:
30 3 23 
Function Location: 
30 3 3 
Path:
30 4 5 
Function Location: 
30 30 4 
Path:
22 3 23 
Function Location: 
22 22 3 
Path:
25 1 24 
Function Location: 
25 25 24 
Path:
8 2 18 1 30 
Function Location: 
8 18 18 
Path:
18 2 24 
Function Location: 
18 2 24 
Path:
22 2 30 
Function Location: 
22 22 2 
Path:
6 3 13 
Function Location: 
6 13 13 
Path:
13 1 16 
Function Location: 
13 16 16 
Path:
26 3 20 
Function Location: 
26 26 3 
Path:
7 1 5 
Function Location: 
7 7 1 
Path:
22 1 24 
Function Location: 
22 24 24 
Path:
28 1 8 
Function Location: 
28 28 8 
Path:
15 1 29 
Function Location: 
15 29 29 
Path:
19 1 31 
Function Location: 
19 31 31 
Path:
32 4 7 
Function Location: 
32 4 7 
Path:
7 3 6 
Function Location: 
3 6 6 
Path:
9 1 8 
Function Location: 
9 9 8 
Path:
21 1 10 
Function Location: 
21 21 10 
Path:
9 1 23 
Function Location: 
9 23 23 
Path:
13 1 5 
Function Location: 
13 1 5 
Path:
13 2 17 
Function Location: 
13 17 17 
Path:
25 2 16 
Function Location: 
25 16 16 
Path:
10 4 28 
Function Location: 
10 28 28 
Path:
20 1 31 
Function Location: 
20 31 31 
Path:
12 1 21 
Function Location: 
12 12 21 
Path:
22 4 11 
Function Location: 
11 11 11 
Path:
30 2 19 
Function Location: 
30 19 19 
Path:
14 3 10 
Function Location: 
14 14 10 
Path:
18 4 12 
Function Location: 
18 12 12 
Path:
21 2 8 
Function Location: 
21 21 8 
Path:
29 2 32 3 24 
Function Location: 
29 29 32 
