number of function:3
1: 1
2: 1
3: 1
number of Demand:100
1: 20: 40: 1: 3 : 3    1    2    
2: 14: 29: 1: 3 : 1    2    3    
3: 19: 43: 1: 3 : 3    1    2    
4: 30: 24: 1: 3 : 3    1    2    
5: 24: 39: 1: 3 : 3    2    1    
6: 44: 36: 1: 3 : 3    1    2    
7: 9: 28: 1: 3 : 3    1    2    
8: 13: 24: 1: 3 : 3    1    2    
9: 15: 16: 1: 3 : 2    1    3    
10: 25: 40: 1: 3 : 3    1    2    
11: 42: 35: 1: 3 : 2    3    1    
12: 38: 18: 1: 3 : 2    1    3    
13: 12: 13: 1: 3 : 3    2    1    
14: 33: 8: 1: 3 : 1    3    2    
15: 26: 44: 1: 3 : 2    1    3    
16: 44: 14: 1: 3 : 3    2    1    
17: 19: 24: 1: 3 : 2    3    1    
18: 36: 39: 1: 3 : 2    1    3    
19: 29: 39: 1: 3 : 2    3    1    
20: 41: 19: 1: 3 : 3    2    1    
21: 31: 36: 1: 3 : 1    2    3    
22: 43: 14: 1: 3 : 3    1    2    
23: 12: 14: 1: 3 : 1    2    3    
24: 34: 8: 1: 3 : 2    1    3    
25: 44: 10: 1: 3 : 3    2    1    
26: 14: 28: 1: 3 : 2    3    1    
27: 8: 23: 1: 3 : 1    3    2    
28: 33: 19: 1: 3 : 3    2    1    
29: 13: 43: 1: 3 : 1    3    2    
30: 40: 26: 1: 3 : 1    3    2    
31: 41: 29: 1: 3 : 3    2    1    
32: 24: 12: 1: 3 : 1    2    3    
33: 18: 40: 1: 3 : 1    2    3    
34: 35: 28: 1: 3 : 1    2    3    
35: 22: 34: 1: 3 : 3    2    1    
36: 31: 15: 1: 3 : 2    1    3    
37: 45: 24: 1: 3 : 1    2    3    
38: 41: 30: 1: 3 : 3    1    2    
39: 16: 41: 1: 3 : 2    3    1    
40: 45: 30: 1: 3 : 3    2    1    
41: 25: 17: 1: 3 : 2    3    1    
42: 11: 36: 1: 3 : 3    2    1    
43: 41: 8: 1: 3 : 2    3    1    
44: 33: 26: 1: 3 : 1    2    3    
45: 19: 20: 1: 3 : 1    3    2    
46: 18: 25: 1: 3 : 2    3    1    
47: 19: 38: 1: 3 : 3    1    2    
48: 26: 38: 1: 3 : 1    3    2    
49: 20: 14: 1: 3 : 1    2    3    
50: 27: 23: 1: 3 : 2    1    3    
51: 28: 32: 1: 3 : 2    3    1    
52: 24: 44: 1: 3 : 1    2    3    
53: 13: 44: 1: 3 : 1    2    3    
54: 27: 34: 1: 3 : 2    3    1    
55: 24: 44: 1: 3 : 2    1    3    
56: 33: 11: 1: 3 : 3    1    2    
57: 10: 39: 1: 3 : 2    3    1    
58: 28: 40: 1: 3 : 3    1    2    
59: 25: 34: 1: 3 : 1    2    3    
60: 24: 37: 1: 3 : 2    3    1    
61: 25: 18: 1: 3 : 2    3    1    
62: 41: 22: 1: 3 : 2    1    3    
63: 37: 21: 1: 3 : 1    2    3    
64: 13: 31: 1: 3 : 1    2    3    
65: 24: 23: 1: 3 : 3    2    1    
66: 42: 23: 1: 3 : 2    3    1    
67: 35: 28: 1: 3 : 1    2    3    
68: 10: 20: 1: 3 : 3    1    2    
69: 18: 45: 1: 3 : 2    1    3    
70: 38: 8: 1: 3 : 2    3    1    
71: 17: 36: 1: 3 : 3    1    2    
72: 38: 40: 1: 3 : 1    2    3    
73: 23: 8: 1: 3 : 2    3    1    
74: 45: 44: 1: 3 : 2    1    3    
75: 29: 12: 1: 3 : 2    3    1    
76: 45: 38: 1: 3 : 2    1    3    
77: 33: 30: 1: 3 : 2    3    1    
78: 35: 45: 1: 3 : 2    3    1    
79: 35: 14: 1: 3 : 2    3    1    
80: 9: 36: 1: 3 : 1    2    3    
81: 18: 11: 1: 3 : 3    1    2    
82: 24: 17: 1: 3 : 1    3    2    
83: 37: 15: 1: 3 : 3    2    1    
84: 29: 24: 1: 3 : 3    2    1    
85: 26: 19: 1: 3 : 1    2    3    
86: 13: 19: 1: 3 : 2    3    1    
87: 32: 20: 1: 3 : 1    3    2    
88: 10: 27: 1: 3 : 2    1    3    
89: 34: 25: 1: 3 : 2    1    3    
90: 28: 9: 1: 3 : 2    3    1    
91: 36: 33: 1: 3 : 2    3    1    
92: 21: 15: 1: 3 : 3    1    2    
93: 25: 18: 1: 3 : 3    2    1    
94: 29: 30: 1: 3 : 3    2    1    
95: 19: 16: 1: 3 : 3    2    1    
96: 15: 43: 1: 3 : 2    3    1    
97: 17: 42: 1: 3 : 3    2    1    
98: 33: 35: 1: 3 : 1    2    3    
99: 44: 34: 1: 3 : 1    2    3    
100: 8: 25: 1: 3 : 3    1    2    
virtual node:45
0 0 0 0 0 0 0 20 20 20 20 20 20 20 20 20 20 20 20 20 20 20 20 20 20 20 20 20 20 20 20 20 20 20 20 20 20 20 20 20 20 20 20 20 20 
0 0 0 0 0 0 0 20 20 20 20 20 20 20 20 20 20 20 20 20 20 20 20 20 20 20 20 20 20 20 20 20 20 20 20 20 20 20 20 20 20 20 20 20 20 
0 0 0 0 0 0 0 20 20 20 20 20 20 20 20 20 20 20 20 20 20 20 20 20 20 20 20 20 20 20 20 20 20 20 20 20 20 20 20 20 20 20 20 20 20 
0 0 0 0 0 0 0 20 20 20 20 20 20 20 20 20 20 20 20 20 20 20 20 20 20 20 20 20 20 20 20 20 20 20 20 20 20 20 20 20 20 20 20 20 20 
0 0 0 0 0 0 0 20 20 20 20 20 20 20 20 20 20 20 20 20 20 20 20 20 20 20 20 20 20 20 20 20 20 20 20 20 20 20 20 20 20 20 20 20 20 
0 0 0 0 0 0 0 20 20 20 20 20 20 20 20 20 20 20 20 20 20 20 20 20 20 20 20 20 20 20 20 20 20 20 20 20 20 20 20 20 20 20 20 20 20 
0 0 0 0 0 0 0 20 20 20 20 20 20 20 20 20 20 20 20 20 20 20 20 20 20 20 20 20 20 20 20 20 20 20 20 20 20 20 20 20 20 20 20 20 20 
20 20 20 20 20 20 20 0 0 0 0 0 0 0 0 0 0 0 0 0 0 0 0 0 0 0 0 0 0 0 0 0 0 0 0 0 0 0 0 0 0 0 0 0 0 
20 20 20 20 20 20 20 0 0 0 0 0 0 0 0 0 0 0 0 0 0 0 0 0 0 0 0 0 0 0 0 0 0 0 0 0 0 0 0 0 0 0 0 0 0 
20 20 20 20 20 20 20 0 0 0 0 0 0 0 0 0 0 0 0 0 0 0 0 0 0 0 0 0 0 0 0 0 0 0 0 0 0 0 0 0 0 0 0 0 0 
20 20 20 20 20 20 20 0 0 0 0 0 0 0 0 0 0 0 0 0 0 0 0 0 0 0 0 0 0 0 0 0 0 0 0 0 0 0 0 0 0 0 0 0 0 
20 20 20 20 20 20 20 0 0 0 0 0 0 0 0 0 0 0 0 0 0 0 0 0 0 0 0 0 0 0 0 0 0 0 0 0 0 0 0 0 0 0 0 0 0 
20 20 20 20 20 20 20 0 0 0 0 0 0 0 0 0 0 0 0 0 0 0 0 0 0 0 0 0 0 0 0 0 0 0 0 0 0 0 0 0 0 0 0 0 0 
20 20 20 20 20 20 20 0 0 0 0 0 0 0 0 0 0 0 0 0 0 0 0 0 0 0 0 0 0 0 0 0 0 0 0 0 0 0 0 0 0 0 0 0 0 
20 20 20 20 20 20 20 0 0 0 0 0 0 0 0 0 0 0 0 0 0 0 0 0 0 0 0 0 0 0 0 0 0 0 0 0 0 0 0 0 0 0 0 0 0 
20 20 20 20 20 20 20 0 0 0 0 0 0 0 0 0 0 0 0 0 0 0 0 0 0 0 0 0 0 0 0 0 0 0 0 0 0 0 0 0 0 0 0 0 0 
20 20 20 20 20 20 20 0 0 0 0 0 0 0 0 0 0 0 0 0 0 0 0 0 0 0 0 0 0 0 0 0 0 0 0 0 0 0 0 0 0 0 0 0 0 
20 20 20 20 20 20 20 0 0 0 0 0 0 0 0 0 0 0 0 0 0 0 0 0 0 0 0 0 0 0 0 0 0 0 0 0 0 0 0 0 0 0 0 0 0 
20 20 20 20 20 20 20 0 0 0 0 0 0 0 0 0 0 0 0 0 0 0 0 0 0 0 0 0 0 0 0 0 0 0 0 0 0 0 0 0 0 0 0 0 0 
20 20 20 20 20 20 20 0 0 0 0 0 0 0 0 0 0 0 0 0 0 0 0 0 0 0 0 0 0 0 0 0 0 0 0 0 0 0 0 0 0 0 0 0 0 
20 20 20 20 20 20 20 0 0 0 0 0 0 0 0 0 0 0 0 0 0 0 0 0 0 0 0 0 0 0 0 0 0 0 0 0 0 0 0 0 0 0 0 0 0 
20 20 20 20 20 20 20 0 0 0 0 0 0 0 0 0 0 0 0 0 0 0 0 0 0 0 0 0 0 0 0 0 0 0 0 0 0 0 0 0 0 0 0 0 0 
20 20 20 20 20 20 20 0 0 0 0 0 0 0 0 0 0 0 0 0 0 0 0 0 0 0 0 0 0 0 0 0 0 0 0 0 0 0 0 0 0 0 0 0 0 
20 20 20 20 20 20 20 0 0 0 0 0 0 0 0 0 0 0 0 0 0 0 0 0 0 0 0 0 0 0 0 0 0 0 0 0 0 0 0 0 0 0 0 0 0 
20 20 20 20 20 20 20 0 0 0 0 0 0 0 0 0 0 0 0 0 0 0 0 0 0 0 0 0 0 0 0 0 0 0 0 0 0 0 0 0 0 0 0 0 0 
20 20 20 20 20 20 20 0 0 0 0 0 0 0 0 0 0 0 0 0 0 0 0 0 0 0 0 0 0 0 0 0 0 0 0 0 0 0 0 0 0 0 0 0 0 
20 20 20 20 20 20 20 0 0 0 0 0 0 0 0 0 0 0 0 0 0 0 0 0 0 0 0 0 0 0 0 0 0 0 0 0 0 0 0 0 0 0 0 0 0 
20 20 20 20 20 20 20 0 0 0 0 0 0 0 0 0 0 0 0 0 0 0 0 0 0 0 0 0 0 0 0 0 0 0 0 0 0 0 0 0 0 0 0 0 0 
20 20 20 20 20 20 20 0 0 0 0 0 0 0 0 0 0 0 0 0 0 0 0 0 0 0 0 0 0 0 0 0 0 0 0 0 0 0 0 0 0 0 0 0 0 
20 20 20 20 20 20 20 0 0 0 0 0 0 0 0 0 0 0 0 0 0 0 0 0 0 0 0 0 0 0 0 0 0 0 0 0 0 0 0 0 0 0 0 0 0 
20 20 20 20 20 20 20 0 0 0 0 0 0 0 0 0 0 0 0 0 0 0 0 0 0 0 0 0 0 0 0 0 0 0 0 0 0 0 0 0 0 0 0 0 0 
20 20 20 20 20 20 20 0 0 0 0 0 0 0 0 0 0 0 0 0 0 0 0 0 0 0 0 0 0 0 0 0 0 0 0 0 0 0 0 0 0 0 0 0 0 
20 20 20 20 20 20 20 0 0 0 0 0 0 0 0 0 0 0 0 0 0 0 0 0 0 0 0 0 0 0 0 0 0 0 0 0 0 0 0 0 0 0 0 0 0 
20 20 20 20 20 20 20 0 0 0 0 0 0 0 0 0 0 0 0 0 0 0 0 0 0 0 0 0 0 0 0 0 0 0 0 0 0 0 0 0 0 0 0 0 0 
20 20 20 20 20 20 20 0 0 0 0 0 0 0 0 0 0 0 0 0 0 0 0 0 0 0 0 0 0 0 0 0 0 0 0 0 0 0 0 0 0 0 0 0 0 
20 20 20 20 20 20 20 0 0 0 0 0 0 0 0 0 0 0 0 0 0 0 0 0 0 0 0 0 0 0 0 0 0 0 0 0 0 0 0 0 0 0 0 0 0 
20 20 20 20 20 20 20 0 0 0 0 0 0 0 0 0 0 0 0 0 0 0 0 0 0 0 0 0 0 0 0 0 0 0 0 0 0 0 0 0 0 0 0 0 0 
20 20 20 20 20 20 20 0 0 0 0 0 0 0 0 0 0 0 0 0 0 0 0 0 0 0 0 0 0 0 0 0 0 0 0 0 0 0 0 0 0 0 0 0 0 
20 20 20 20 20 20 20 0 0 0 0 0 0 0 0 0 0 0 0 0 0 0 0 0 0 0 0 0 0 0 0 0 0 0 0 0 0 0 0 0 0 0 0 0 0 
20 20 20 20 20 20 20 0 0 0 0 0 0 0 0 0 0 0 0 0 0 0 0 0 0 0 0 0 0 0 0 0 0 0 0 0 0 0 0 0 0 0 0 0 0 
20 20 20 20 20 20 20 0 0 0 0 0 0 0 0 0 0 0 0 0 0 0 0 0 0 0 0 0 0 0 0 0 0 0 0 0 0 0 0 0 0 0 0 0 0 
20 20 20 20 20 20 20 0 0 0 0 0 0 0 0 0 0 0 0 0 0 0 0 0 0 0 0 0 0 0 0 0 0 0 0 0 0 0 0 0 0 0 0 0 0 
20 20 20 20 20 20 20 0 0 0 0 0 0 0 0 0 0 0 0 0 0 0 0 0 0 0 0 0 0 0 0 0 0 0 0 0 0 0 0 0 0 0 0 0 0 
20 20 20 20 20 20 20 0 0 0 0 0 0 0 0 0 0 0 0 0 0 0 0 0 0 0 0 0 0 0 0 0 0 0 0 0 0 0 0 0 0 0 0 0 0 
20 20 20 20 20 20 20 0 0 0 0 0 0 0 0 0 0 0 0 0 0 0 0 0 0 0 0 0 0 0 0 0 0 0 0 0 0 0 0 0 0 0 0 0 0 
Accept Number: 93
Solution: 0.1,0.95:::8.250000000000002
Path:
20 1 40 
Function Location: 
20 1 1 
Path:
14 1 29 
Function Location: 
14 1 1 
Path:
19 1 43 
Function Location: 
19 1 1 
Path:
30 1 24 
Function Location: 
30 1 1 
Path:
24 1 39 
Function Location: 
24 1 1 
Path:
44 1 36 
Function Location: 
44 1 1 
Path:
9 1 28 
Function Location: 
9 1 1 
Path:
13 6 24 
Function Location: 
13 6 6 
Path:
15 1 16 
Function Location: 
15 1 1 
Path:
25 6 40 
Function Location: 
25 6 6 
Path:
42 6 35 
Function Location: 
42 6 6 
Path:
38 6 18 
Function Location: 
38 6 6 
Path:
12 6 13 
Function Location: 
12 6 6 
Path:
33 6 8 
Function Location: 
33 6 6 
Path:
26 6 44 
Function Location: 
26 6 6 
Path:
44 6 14 
Function Location: 
44 6 6 
Path:
19 4 24 
Function Location: 
19 4 4 
Path:
36 4 39 
Function Location: 
36 4 4 
Path:
29 5 39 
Function Location: 
29 5 5 
Path:
41 1 19 
Function Location: 
41 41 1 
Path:
31 4 36 
Function Location: 
31 4 4 
Path:
43 4 14 
Function Location: 
43 4 4 
Path:
12 5 14 
Function Location: 
12 5 5 
Path:
34 4 8 
Function Location: 
34 4 4 
Path:
44 4 10 
Function Location: 
44 4 4 
Path:
14 4 28 
Function Location: 
14 4 4 
Path:
8 4 23 
Function Location: 
8 4 4 
Path:
33 4 19 
Function Location: 
33 33 4 
Path:
13 5 43 
Function Location: 
13 5 5 
Path:
40 5 26 
Function Location: 
40 5 5 
Path:
41 5 29 
Function Location: 
41 5 5 
Path:
24 6 12 
Function Location: 
24 24 6 
Path:
18 5 40 
Function Location: 
18 5 5 
Path:
35 5 28 
Function Location: 
35 5 5 
Path:
22 5 34 
Function Location: 
22 5 5 
Path:
31 3 15 
Function Location: 
31 3 3 
Path:
45 5 24 
Function Location: 
45 45 5 
Path:
41 3 30 
Function Location: 
41 3 3 
Path:
16 1 41 
Function Location: 
16 16 16 
Path:
45 7 30 
Function Location: 
45 7 7 
Path:
25 3 17 
Function Location: 
25 3 3 
Path:
11 3 36 
Function Location: 
11 3 3 
Path:
41 3 8 
Function Location: 
41 3 3 
Path:
33 3 26 
Function Location: 
33 3 3 
Path:
19 3 20 
Function Location: 
19 3 3 
Path:
18 3 25 
Function Location: 
18 3 3 
Path:
19 7 38 
Function Location: 
19 7 7 
Path:
26 2 38 
Function Location: 
26 2 2 
Path:
20 3 14 
Function Location: 
20 20 3 
Path:
27 7 23 
Function Location: 
27 7 7 
Path:
28 7 32 
Function Location: 
28 7 7 
Path:
24 4 44 
Function Location: 
24 4 44 
Path:
13 7 25 5 44 
Function Location: 
13 7 7 
Path:
27 7 34 
Function Location: 
27 7 7 
Path:
24 5 45 1 44 
Function Location: 
24 5 45 
Path:
33 7 11 
Function Location: 
33 7 7 
Path:
10 7 39 
Function Location: 
10 7 7 
Path:
28 2 40 
Function Location: 
28 2 2 
Path:
25 2 34 
Function Location: 
25 2 2 
Path:
24 2 37 
Function Location: 
2 2 2 
Path:
25 7 18 
Function Location: 
25 7 18 
Path:
41 2 22 
Function Location: 
2 2 2 
Path:
37 2 21 
Function Location: 
37 2 2 
Path:
13 2 31 
Function Location: 
13 2 2 
Path:
24 2 23 
Function Location: 
2 23 23 
Path:
42 1 23 
Function Location: 
42 42 23 
Path:
35 7 28 
Function Location: 
35 35 28 
Path:
10 1 20 
Function Location: 
10 10 1 
Path:
18 4 45 
Function Location: 
18 4 45 
Path:
38 3 8 
Function Location: 
38 8 8 
Path:
17 3 36 
Function Location: 
17 17 36 
Path:
38 7 40 
Function Location: 
38 40 40 
Path:
23 2 8 
Function Location: 
23 2 8 
Path:
29 3 12 
Function Location: 
29 29 12 
Path:
45 3 38 
Function Location: 
3 38 38 
Path:
33 6 30 
Function Location: 
6 30 30 
Path:
35 2 45 
Function Location: 
35 35 2 
Path:
35 7 14 
Function Location: 
7 14 14 
Path:
9 7 36 
Function Location: 
9 9 36 
Path:
18 1 11 
Function Location: 
18 11 11 
Path:
24 3 17 
Function Location: 
3 17 17 
Path:
37 6 15 
Function Location: 
37 15 15 
Path:
26 5 19 
Function Location: 
26 26 5 
Path:
13 1 8 7 19 
Function Location: 
13 8 7 
Path:
32 1 20 
Function Location: 
32 32 32 
Path:
10 6 27 
Function Location: 
10 27 27 
Path:
34 6 25 
Function Location: 
34 34 34 
Path:
28 6 9 
Function Location: 
28 6 9 
Path:
21 1 15 
Function Location: 
21 21 21 
Path:
29 1 30 
Function Location: 
29 1 30 
Path:
19 5 16 
Function Location: 
19 16 16 
Path:
15 6 43 
Function Location: 
15 43 43 
Path:
17 6 42 
Function Location: 
17 42 42 
