number of function:3
1: 1
2: 1
3: 1
number of Demand:100
1: 26: 17: 1: 3 : 1    2    3    
2: 14: 25: 1: 3 : 2    3    1    
3: 21: 22: 1: 3 : 3    1    2    
4: 13: 33: 1: 3 : 2    3    1    
5: 32: 9: 1: 3 : 2    1    3    
6: 14: 9: 1: 3 : 3    2    1    
7: 25: 34: 1: 3 : 1    3    2    
8: 33: 23: 1: 3 : 2    3    1    
9: 23: 29: 1: 3 : 1    3    2    
10: 13: 33: 1: 3 : 1    2    3    
11: 28: 10: 1: 3 : 2    1    3    
12: 28: 32: 1: 3 : 2    3    1    
13: 26: 11: 1: 3 : 1    3    2    
14: 23: 8: 1: 3 : 3    2    1    
15: 28: 30: 1: 3 : 1    2    3    
16: 31: 25: 1: 3 : 3    2    1    
17: 27: 21: 1: 3 : 1    2    3    
18: 22: 31: 1: 3 : 2    1    3    
19: 7: 13: 1: 3 : 2    3    1    
20: 16: 10: 1: 3 : 2    3    1    
21: 13: 8: 1: 3 : 1    2    3    
22: 27: 25: 1: 3 : 1    2    3    
23: 17: 25: 1: 3 : 1    2    3    
24: 13: 11: 1: 3 : 1    3    2    
25: 14: 23: 1: 3 : 3    2    1    
26: 19: 25: 1: 3 : 2    1    3    
27: 13: 32: 1: 3 : 3    2    1    
28: 29: 18: 1: 3 : 1    2    3    
29: 11: 26: 1: 3 : 1    2    3    
30: 29: 33: 1: 3 : 2    1    3    
31: 29: 7: 1: 3 : 2    1    3    
32: 9: 8: 1: 3 : 3    2    1    
33: 33: 25: 1: 3 : 1    2    3    
34: 7: 27: 1: 3 : 3    1    2    
35: 13: 11: 1: 3 : 3    2    1    
36: 30: 8: 1: 3 : 2    1    3    
37: 11: 32: 1: 3 : 2    1    3    
38: 32: 14: 1: 3 : 2    1    3    
39: 26: 20: 1: 3 : 1    2    3    
40: 14: 8: 1: 3 : 3    1    2    
41: 17: 16: 1: 3 : 1    2    3    
42: 31: 20: 1: 3 : 2    3    1    
43: 7: 28: 1: 3 : 2    1    3    
44: 19: 12: 1: 3 : 3    2    1    
45: 10: 34: 1: 3 : 3    2    1    
46: 22: 26: 1: 3 : 1    2    3    
47: 16: 27: 1: 3 : 3    2    1    
48: 19: 26: 1: 3 : 2    3    1    
49: 8: 15: 1: 3 : 2    1    3    
50: 14: 20: 1: 3 : 2    3    1    
51: 31: 19: 1: 3 : 2    3    1    
52: 30: 17: 1: 3 : 2    1    3    
53: 34: 24: 1: 3 : 3    2    1    
54: 13: 18: 1: 3 : 1    2    3    
55: 32: 25: 1: 3 : 3    1    2    
56: 11: 17: 1: 3 : 3    2    1    
57: 24: 28: 1: 3 : 2    3    1    
58: 33: 32: 1: 3 : 2    1    3    
59: 13: 16: 1: 3 : 2    3    1    
60: 14: 12: 1: 3 : 3    2    1    
61: 24: 8: 1: 3 : 1    3    2    
62: 18: 16: 1: 3 : 1    3    2    
63: 30: 22: 1: 3 : 1    2    3    
64: 31: 13: 1: 3 : 2    3    1    
65: 11: 33: 1: 3 : 2    1    3    
66: 28: 9: 1: 3 : 3    1    2    
67: 16: 23: 1: 3 : 3    1    2    
68: 30: 20: 1: 3 : 3    2    1    
69: 20: 11: 1: 3 : 3    1    2    
70: 30: 33: 1: 3 : 3    1    2    
71: 15: 27: 1: 3 : 1    3    2    
72: 26: 13: 1: 3 : 1    2    3    
73: 31: 25: 1: 3 : 2    3    1    
74: 8: 33: 1: 3 : 1    2    3    
75: 13: 21: 1: 3 : 1    2    3    
76: 13: 34: 1: 3 : 1    2    3    
77: 26: 23: 1: 3 : 2    3    1    
78: 27: 18: 1: 3 : 2    1    3    
79: 16: 8: 1: 3 : 3    2    1    
80: 9: 20: 1: 3 : 2    1    3    
81: 13: 15: 1: 3 : 1    2    3    
82: 10: 9: 1: 3 : 3    1    2    
83: 20: 28: 1: 3 : 1    2    3    
84: 20: 13: 1: 3 : 2    3    1    
85: 27: 33: 1: 3 : 2    3    1    
86: 19: 18: 1: 3 : 3    2    1    
87: 17: 34: 1: 3 : 3    1    2    
88: 26: 29: 1: 3 : 3    1    2    
89: 32: 13: 1: 3 : 3    2    1    
90: 9: 25: 1: 3 : 2    1    3    
91: 33: 27: 1: 3 : 1    3    2    
92: 16: 11: 1: 3 : 1    3    2    
93: 30: 25: 1: 3 : 3    2    1    
94: 19: 12: 1: 3 : 3    1    2    
95: 27: 9: 1: 3 : 1    2    3    
96: 16: 25: 1: 3 : 2    3    1    
97: 29: 34: 1: 3 : 3    1    2    
98: 30: 31: 1: 3 : 2    3    1    
99: 24: 34: 1: 3 : 2    3    1    
100: 22: 30: 1: 3 : 2    1    3    
virtual node:34
0 0 0 0 0 0 20 20 20 20 20 20 20 20 20 20 20 20 20 20 20 20 20 20 20 20 20 20 20 20 20 20 20 20 
0 0 0 0 0 0 20 20 20 20 20 20 20 20 20 20 20 20 20 20 20 20 20 20 20 20 20 20 20 20 20 20 20 20 
0 0 0 0 0 0 20 20 20 20 20 20 20 20 20 20 20 20 20 20 20 20 20 20 20 20 20 20 20 20 20 20 20 20 
0 0 0 0 0 0 20 20 20 20 20 20 20 20 20 20 20 20 20 20 20 20 20 20 20 20 20 20 20 20 20 20 20 20 
0 0 0 0 0 0 20 20 20 20 20 20 20 20 20 20 20 20 20 20 20 20 20 20 20 20 20 20 20 20 20 20 20 20 
0 0 0 0 0 0 20 20 20 20 20 20 20 20 20 20 20 20 20 20 20 20 20 20 20 20 20 20 20 20 20 20 20 20 
20 20 20 20 20 20 0 0 0 0 0 0 0 0 0 0 0 0 0 0 0 0 0 0 0 0 0 0 0 0 0 0 0 0 
20 20 20 20 20 20 0 0 0 0 0 0 0 0 0 0 0 0 0 0 0 0 0 0 0 0 0 0 0 0 0 0 0 0 
20 20 20 20 20 20 0 0 0 0 0 0 0 0 0 0 0 0 0 0 0 0 0 0 0 0 0 0 0 0 0 0 0 0 
20 20 20 20 20 20 0 0 0 0 0 0 0 0 0 0 0 0 0 0 0 0 0 0 0 0 0 0 0 0 0 0 0 0 
20 20 20 20 20 20 0 0 0 0 0 0 0 0 0 0 0 0 0 0 0 0 0 0 0 0 0 0 0 0 0 0 0 0 
20 20 20 20 20 20 0 0 0 0 0 0 0 0 0 0 0 0 0 0 0 0 0 0 0 0 0 0 0 0 0 0 0 0 
20 20 20 20 20 20 0 0 0 0 0 0 0 0 0 0 0 0 0 0 0 0 0 0 0 0 0 0 0 0 0 0 0 0 
20 20 20 20 20 20 0 0 0 0 0 0 0 0 0 0 0 0 0 0 0 0 0 0 0 0 0 0 0 0 0 0 0 0 
20 20 20 20 20 20 0 0 0 0 0 0 0 0 0 0 0 0 0 0 0 0 0 0 0 0 0 0 0 0 0 0 0 0 
20 20 20 20 20 20 0 0 0 0 0 0 0 0 0 0 0 0 0 0 0 0 0 0 0 0 0 0 0 0 0 0 0 0 
20 20 20 20 20 20 0 0 0 0 0 0 0 0 0 0 0 0 0 0 0 0 0 0 0 0 0 0 0 0 0 0 0 0 
20 20 20 20 20 20 0 0 0 0 0 0 0 0 0 0 0 0 0 0 0 0 0 0 0 0 0 0 0 0 0 0 0 0 
20 20 20 20 20 20 0 0 0 0 0 0 0 0 0 0 0 0 0 0 0 0 0 0 0 0 0 0 0 0 0 0 0 0 
20 20 20 20 20 20 0 0 0 0 0 0 0 0 0 0 0 0 0 0 0 0 0 0 0 0 0 0 0 0 0 0 0 0 
20 20 20 20 20 20 0 0 0 0 0 0 0 0 0 0 0 0 0 0 0 0 0 0 0 0 0 0 0 0 0 0 0 0 
20 20 20 20 20 20 0 0 0 0 0 0 0 0 0 0 0 0 0 0 0 0 0 0 0 0 0 0 0 0 0 0 0 0 
20 20 20 20 20 20 0 0 0 0 0 0 0 0 0 0 0 0 0 0 0 0 0 0 0 0 0 0 0 0 0 0 0 0 
20 20 20 20 20 20 0 0 0 0 0 0 0 0 0 0 0 0 0 0 0 0 0 0 0 0 0 0 0 0 0 0 0 0 
20 20 20 20 20 20 0 0 0 0 0 0 0 0 0 0 0 0 0 0 0 0 0 0 0 0 0 0 0 0 0 0 0 0 
20 20 20 20 20 20 0 0 0 0 0 0 0 0 0 0 0 0 0 0 0 0 0 0 0 0 0 0 0 0 0 0 0 0 
20 20 20 20 20 20 0 0 0 0 0 0 0 0 0 0 0 0 0 0 0 0 0 0 0 0 0 0 0 0 0 0 0 0 
20 20 20 20 20 20 0 0 0 0 0 0 0 0 0 0 0 0 0 0 0 0 0 0 0 0 0 0 0 0 0 0 0 0 
20 20 20 20 20 20 0 0 0 0 0 0 0 0 0 0 0 0 0 0 0 0 0 0 0 0 0 0 0 0 0 0 0 0 
20 20 20 20 20 20 0 0 0 0 0 0 0 0 0 0 0 0 0 0 0 0 0 0 0 0 0 0 0 0 0 0 0 0 
20 20 20 20 20 20 0 0 0 0 0 0 0 0 0 0 0 0 0 0 0 0 0 0 0 0 0 0 0 0 0 0 0 0 
20 20 20 20 20 20 0 0 0 0 0 0 0 0 0 0 0 0 0 0 0 0 0 0 0 0 0 0 0 0 0 0 0 0 
20 20 20 20 20 20 0 0 0 0 0 0 0 0 0 0 0 0 0 0 0 0 0 0 0 0 0 0 0 0 0 0 0 0 
20 20 20 20 20 20 0 0 0 0 0 0 0 0 0 0 0 0 0 0 0 0 0 0 0 0 0 0 0 0 0 0 0 0 
Accept Number: 80
Solution: 0.15,0.95:::6.8999999999999995
Path:
26 1 17 
Function Location: 
26 1 1 
Path:
14 1 25 
Function Location: 
14 1 1 
Path:
21 1 22 
Function Location: 
21 1 1 
Path:
13 1 33 
Function Location: 
13 1 1 
Path:
32 1 9 
Function Location: 
32 1 1 
Path:
14 5 9 
Function Location: 
14 5 5 
Path:
25 1 34 
Function Location: 
25 1 1 
Path:
33 1 23 
Function Location: 
33 1 1 
Path:
23 1 29 
Function Location: 
23 1 1 
Path:
13 5 33 
Function Location: 
13 5 5 
Path:
28 5 10 
Function Location: 
28 5 5 
Path:
28 5 32 
Function Location: 
28 5 5 
Path:
26 5 11 
Function Location: 
26 5 5 
Path:
23 5 8 
Function Location: 
23 5 5 
Path:
28 5 30 
Function Location: 
28 5 5 
Path:
31 5 25 
Function Location: 
31 5 5 
Path:
27 4 21 
Function Location: 
27 4 4 
Path:
22 4 31 
Function Location: 
22 4 4 
Path:
7 1 13 
Function Location: 
7 7 1 
Path:
16 4 10 
Function Location: 
16 4 4 
Path:
13 4 8 
Function Location: 
13 4 4 
Path:
27 4 25 
Function Location: 
27 4 4 
Path:
17 2 25 
Function Location: 
17 2 2 
Path:
13 4 11 
Function Location: 
13 4 4 
Path:
14 4 23 
Function Location: 
14 4 4 
Path:
19 3 25 
Function Location: 
19 3 3 
Path:
13 3 12 4 32 
Function Location: 
13 3 3 
Path:
29 4 18 
Function Location: 
29 4 4 
Path:
11 4 26 
Function Location: 
11 11 4 
Path:
29 3 33 
Function Location: 
29 3 3 
Path:
29 5 7 
Function Location: 
29 5 5 
Path:
9 3 8 
Function Location: 
9 3 3 
Path:
33 6 25 
Function Location: 
33 6 6 
Path:
7 3 27 
Function Location: 
7 3 3 
Path:
13 3 11 
Function Location: 
3 3 3 
Path:
30 6 8 
Function Location: 
30 6 6 
Path:
11 3 32 
Function Location: 
11 3 3 
Path:
32 4 14 
Function Location: 
32 32 4 
Path:
26 6 20 
Function Location: 
26 6 6 
Path:
14 2 8 
Function Location: 
14 2 2 
Path:
17 3 16 
Function Location: 
17 3 3 
Path:
31 2 20 
Function Location: 
31 2 2 
Path:
7 2 28 
Function Location: 
7 2 2 
Path:
19 2 12 
Function Location: 
19 2 2 
Path:
10 2 34 
Function Location: 
10 2 2 
Path:
22 3 26 
Function Location: 
22 22 3 
Path:
16 2 27 
Function Location: 
16 2 2 
Path:
19 1 26 
Function Location: 
19 19 1 
Path:
8 2 15 
Function Location: 
8 2 2 
Path:
14 6 20 
Function Location: 
14 6 6 
Path:
31 3 19 
Function Location: 
31 31 3 
Path:
30 2 17 
Function Location: 
30 30 2 
Path:
34 6 24 
Function Location: 
34 6 6 
Path:
13 6 18 
Function Location: 
6 6 6 
Path:
32 6 25 
Function Location: 
32 6 6 
Path:
11 6 17 
Function Location: 
11 6 6 
Path:
24 6 28 
Function Location: 
24 24 24 
Path:
33 2 34 1 32 
Function Location: 
33 34 34 
Path:
13 2 16 
Function Location: 
2 16 16 
Path:
14 6 12 
Function Location: 
6 12 12 
Path:
24 1 8 
Function Location: 
24 8 8 
Path:
18 5 16 
Function Location: 
18 18 18 
Path:
30 5 22 
Function Location: 
30 5 22 
Path:
31 4 34 2 13 
Function Location: 
31 34 34 
Path:
11 1 33 
Function Location: 
11 33 33 
Path:
28 1 9 
Function Location: 
28 9 9 
Path:
16 1 23 
Function Location: 
16 23 23 
Path:
30 1 20 
Function Location: 
30 20 20 
Path:
20 6 11 
Function Location: 
20 20 6 
Path:
15 4 27 
Function Location: 
15 15 27 
Path:
31 1 25 
Function Location: 
1 25 25 
Path:
13 2 21 
Function Location: 
2 21 21 
Path:
26 4 23 
Function Location: 
26 4 23 
Path:
27 5 18 
Function Location: 
27 18 18 
Path:
9 5 20 
Function Location: 
9 9 20 
Path:
13 1 15 
Function Location: 
15 15 15 
Path:
10 4 9 
Function Location: 
10 10 10 
Path:
17 6 34 
Function Location: 
17 17 17 
Path:
26 2 29 
Function Location: 
26 29 29 
Path:
19 6 12 
Function Location: 
19 12 12 
