5 100 12 0
18.48 8;6.86 3;2.44 1;16.28 2;4.91 2;
1 2 12 5 13.0 1.1402000417073288 5 4 2 1 3 
2 9 11 3 13.0 0.46070441929308814 1 2 
3 2 4 10 13.0 1.4226374857089075 2 1 3 4 5 
4 12 4 6 13.0 3.7265394931103906 4 2 3 1 
5 9 8 6 13.0 1.3425748399165975 1 4 2 
6 8 1 3 13.0 2.196972700078896 1 2 4 
7 9 12 2 13.0 1.1721385283294772 4 2 3 5 1 
8 4 1 5 13.0 1.9411332066246445 5 1 2 4 3 
9 12 4 6 13.0 2.499088076408494 3 1 2 5 4 
10 12 11 2 13.0 4.477851757016734 4 5 2 1 
11 2 12 10 13.0 1.043354251968292 2 3 1 4 
12 2 11 4 13.0 4.278835667869557 2 5 3 1 4 
13 8 5 3 13.0 4.59671608169369 2 5 4 1 
14 11 9 8 13.0 2.32568164426211 5 4 
15 8 6 9 13.0 3.220002942906844 1 2 5 3 4 
16 11 9 8 13.0 4.315883551805777 4 5 2 
17 10 8 5 13.0 2.17316390653178 3 4 
18 3 4 5 13.0 1.0416956737194631 3 4 5 
19 2 11 5 13.0 3.473939570265741 1 5 4 2 
20 1 12 8 13.0 0.1553280473161095 3 2 4 1 
21 4 7 6 13.0 2.14372587680008 5 2 1 
22 12 3 4 13.0 2.7984137156354065 3 1 4 2 5 
23 4 1 4 13.0 3.2795295971774 5 4 1 
24 1 6 8 13.0 2.517907412261902 3 4 1 2 
25 7 4 1 13.0 1.682754256362038 5 1 4 3 2 
26 2 3 6 13.0 2.607253340301826 3 5 1 2 
27 12 8 8 13.0 0.7851411279379533 3 1 5 
28 5 9 4 13.0 0.286878461584934 4 3 5 2 1 
29 4 11 1 13.0 3.7954150104458275 1 3 4 2 
30 2 4 1 13.0 3.8711892940780968 3 4 2 
31 2 6 6 13.0 3.411680394852845 4 2 3 1 
32 1 8 10 13.0 0.08917687540279773 1 5 4 2 3 
33 4 5 6 13.0 1.0449372772241117 1 5 4 3 
34 3 6 8 13.0 1.7513368367502662 2 1 
35 10 9 3 13.0 3.362764549359425 3 5 
36 4 3 7 13.0 4.236759212682478 3 2 1 4 5 
37 10 12 9 13.0 3.351827547999612 1 4 3 5 
38 7 10 5 13.0 2.9961684198700276 1 4 5 3 2 
39 12 1 5 13.0 4.991605217806387 1 4 
40 5 12 3 13.0 0.808084681614521 1 2 
41 7 4 7 13.0 0.8202468859676271 2 5 3 1 
42 1 4 4 13.0 0.6962335975363787 3 5 
43 10 3 1 13.0 0.9804766212896077 2 4 1 3 
44 10 12 2 13.0 1.319747044410149 5 3 2 
45 3 8 6 13.0 2.8718481312459856 3 1 2 
46 9 4 7 13.0 2.9546765158836292 4 1 
47 6 9 9 13.0 2.3509065417887633 3 2 5 
48 12 10 4 13.0 2.9125629779817936 1 3 
49 4 3 5 13.0 4.400752188446545 4 3 1 2 5 
50 4 12 6 13.0 1.1755872070959539 1 2 5 4 3 
51 10 8 7 13.0 4.620290494336769 3 2 
52 6 9 8 13.0 0.49355910842488304 2 3 1 
53 7 11 10 13.0 3.1431134342711067 3 2 5 1 4 
54 3 10 5 13.0 3.183261065359507 2 5 4 
55 7 10 8 13.0 3.710177766836008 3 1 5 4 2 
56 7 11 8 13.0 4.265125022806592 4 5 
57 8 12 1 13.0 1.7732648224475778 1 4 2 
58 3 5 5 13.0 0.48342678378304194 2 5 3 1 
59 11 8 4 13.0 4.131680698564089 5 2 4 
60 12 8 4 13.0 3.8863767986816784 2 5 1 3 4 
61 4 7 10 13.0 0.7222730368496588 4 1 
62 9 7 6 13.0 0.01780874921563036 2 1 4 3 
63 6 8 7 13.0 0.04562256337216408 4 2 
64 12 6 2 13.0 2.2951631651501367 1 2 
65 4 6 5 13.0 0.6973921471756911 2 5 
66 5 3 3 13.0 3.521179756484496 2 3 4 1 5 
67 7 9 3 13.0 0.12068398011085169 5 1 4 3 
68 10 1 9 13.0 3.475692193882499 1 3 4 5 2 
69 3 7 6 13.0 2.180097453590395 3 4 5 2 1 
70 4 7 7 13.0 1.741248947800702 1 2 
71 6 7 8 13.0 1.3328558113098699 1 4 3 
72 1 6 3 13.0 2.3699452590730856 1 4 2 3 5 
73 9 4 8 13.0 3.8426517646534903 4 3 2 5 1 
74 3 10 10 13.0 3.1734224936498268 2 5 
75 6 9 10 13.0 3.146417636970691 1 2 5 4 3 
76 1 7 2 13.0 0.27131143769658306 2 1 4 5 
77 5 10 3 13.0 0.2865419602156466 5 1 4 2 3 
78 10 2 4 13.0 4.787615634742633 1 2 3 5 4 
79 3 6 10 13.0 1.562932508338738 2 1 4 
80 6 9 5 13.0 3.0337319915703436 5 3 2 1 
81 9 4 2 13.0 0.7552380313469625 3 4 
82 6 7 4 13.0 4.640172797276897 1 3 4 2 5 
83 12 8 9 13.0 0.250894504863195 1 5 3 2 
84 9 3 5 13.0 3.4455303177572354 2 5 
85 5 12 1 13.0 2.2463203413238846 4 2 1 
86 1 12 10 13.0 4.002058417264353 1 5 4 2 
87 3 12 9 13.0 4.935983472215868 1 2 
88 7 1 7 13.0 1.4257025974695252 2 3 4 
89 8 2 1 13.0 4.464267195867729 4 3 2 
90 5 11 8 13.0 0.7911368711498623 5 3 4 2 
91 5 4 7 13.0 4.092151586536748 5 2 4 
92 6 8 10 13.0 2.0906015639823665 2 5 
93 2 8 6 13.0 0.6571846490323568 4 1 
94 11 1 2 13.0 1.3304205555430226 3 5 4 1 
95 3 11 4 13.0 0.38413360884529457 1 5 4 
96 9 12 3 13.0 4.5166863043659236 1 3 
97 2 10 6 13.0 2.4388575116863183 3 4 1 2 5 
98 10 12 3 13.0 4.034239879687115 3 1 
99 2 7 5 13.0 0.8790939262082215 2 5 1 
100 4 5 2 13.0 1.3281941638511563 2 4 3 
300
300
300
300
300
300
300
300
300
300
300
300
0 300 0 0 0 0 0 0 0 0 0 0 
300 0 0 0 300 300 0 0 0 0 0 300 
0 0 0 0 0 300 0 0 300 0 0 0 
0 0 0 0 0 0 300 0 0 300 300 0 
0 300 0 0 0 0 300 300 0 0 0 0 
0 300 300 0 0 0 300 0 0 0 0 0 
0 0 0 300 300 300 0 0 0 0 0 0 
0 0 0 0 300 0 0 0 0 300 0 0 
0 0 300 0 0 0 0 0 0 0 0 300 
0 0 0 300 0 0 0 300 0 0 300 0 
0 0 0 300 0 0 0 0 0 300 0 0 
0 300 0 0 0 0 0 0 300 0 0 0 
