5 100 28 0
9.91 10;12.75 8;12.68 4;8.54 2;15.66 4;
1 5 2 2 13.0 4.016761858258986 5 4 2 3 
2 13 12 2 13.0 1.3234657194946253 5 3 2 4 1 
3 28 26 2 13.0 3.5901552543499164 5 1 2 4 3 
4 9 28 2 13.0 4.632105392686414 5 4 1 2 3 
5 3 1 3 13.0 0.7794688751931395 4 3 2 1 
6 27 3 5 13.0 3.619156344752659 4 3 
7 12 24 6 13.0 3.1385085825606525 4 3 5 1 2 
8 22 17 4 13.0 0.5538553363735449 5 4 2 3 
9 8 26 5 13.0 4.617039138976699 2 4 3 5 1 
10 16 26 4 13.0 0.42723618687267984 1 2 3 
11 11 22 1 13.0 4.586002885976684 4 3 2 5 1 
12 23 12 9 13.0 1.4454257831310824 3 4 5 2 
13 18 14 7 13.0 2.0886976707378184 1 5 3 2 
14 23 19 2 13.0 3.504889695670358 1 5 4 2 3 
15 26 11 9 13.0 2.0714419109935895 5 1 
16 27 14 8 13.0 4.050443676896053 1 4 3 5 
17 27 3 4 13.0 3.527540674451704 3 4 
18 18 27 1 13.0 4.362891568003866 4 3 5 1 2 
19 2 11 2 13.0 3.1986566040749658 5 2 1 4 
20 7 13 8 13.0 4.311371856284422 4 5 
21 5 17 7 13.0 0.002373825639861993 3 2 4 
22 3 17 4 13.0 4.743898391965632 5 4 
23 16 28 7 13.0 0.8745038600646465 1 5 3 
24 13 17 5 13.0 3.9600435335691615 5 4 3 1 2 
25 21 5 3 13.0 3.2119538112954653 1 5 3 4 2 
26 26 4 3 13.0 1.6171222895557202 2 4 3 
27 6 19 1 13.0 1.3137019911775227 1 3 4 5 2 
28 13 12 2 13.0 4.1233597018463035 1 4 
29 7 19 8 13.0 4.676224626194632 2 5 
30 27 5 8 13.0 1.38248015603475 4 2 
31 17 12 7 13.0 1.1010876621427306 1 3 
32 27 5 10 13.0 2.7641015830114473 4 2 1 
33 26 17 2 13.0 1.7525330064381839 4 1 
34 19 12 9 13.0 0.10357877773479851 3 2 
35 13 27 2 13.0 3.676801687795361 5 1 
36 25 14 5 13.0 3.1186071180179087 1 3 
37 8 6 1 13.0 2.9831638937582077 4 2 3 1 
38 14 10 4 13.0 1.0625399549270038 3 5 4 
39 12 4 5 13.0 4.768764639234943 1 2 3 4 5 
40 15 10 1 13.0 2.0308101270497145 3 2 4 1 
41 12 11 3 13.0 3.1738022255611242 5 2 4 1 3 
42 10 1 1 13.0 3.3976878892491342 4 3 1 
43 18 5 3 13.0 0.8341747324653687 5 3 4 1 
44 22 19 8 13.0 0.20404139851571745 1 4 3 
45 16 7 8 13.0 3.8534202009169927 1 3 5 2 
46 7 14 3 13.0 1.9466532073058125 3 5 4 1 2 
47 5 9 3 13.0 0.9177706684147469 4 3 2 5 1 
48 18 10 8 13.0 0.38668455050361095 1 3 4 2 
49 25 13 2 13.0 4.842415901147776 2 1 
50 6 2 8 13.0 4.368155168730033 4 5 3 
51 24 2 6 13.0 3.6510076568356635 5 2 1 
52 18 27 10 13.0 4.124914771153506 5 2 1 4 3 
53 16 23 2 13.0 0.2969003773975293 3 4 2 1 
54 22 3 10 13.0 3.2694303475257884 5 4 2 1 
55 2 27 1 13.0 2.0235179790830764 1 4 
56 15 10 5 13.0 3.858173776796402 3 5 1 
57 7 12 7 13.0 2.187972845326078 1 5 4 2 
58 11 1 7 13.0 0.5579149372688236 2 4 5 1 
59 17 6 4 13.0 1.5472182201856655 2 4 3 1 
60 28 10 10 13.0 3.863768857879759 2 1 4 
61 24 10 6 13.0 3.746936366488354 1 3 
62 17 8 7 13.0 3.631391731733258 3 5 1 4 2 
63 28 5 3 13.0 0.9536926072955165 5 3 
64 15 20 2 13.0 4.529937579267511 5 2 
65 11 13 3 13.0 0.7820141681195264 2 4 3 1 
66 28 20 8 13.0 1.1089571932290876 4 3 1 2 5 
67 4 9 9 13.0 2.035282053259854 3 4 5 1 
68 6 14 9 13.0 2.5698055869774623 3 1 
69 20 26 6 13.0 4.341254648746197 4 1 2 3 5 
70 20 5 4 13.0 2.1733978512158973 2 3 4 1 5 
71 11 26 6 13.0 0.17361443732418658 2 1 5 3 4 
72 27 16 4 13.0 3.2558688954710355 1 2 5 4 3 
73 18 12 4 13.0 3.4866195944524323 5 4 3 1 
74 23 16 6 13.0 4.354638118532153 4 3 2 
75 8 4 9 13.0 3.066639392531725 2 1 3 5 
76 22 23 7 13.0 2.9809575198575633 2 1 3 
77 14 1 7 13.0 4.698463085350251 3 4 1 
78 1 18 3 13.0 1.158629149611476 2 4 3 5 
79 11 27 10 13.0 3.950735111679968 3 4 1 5 2 
80 14 1 8 13.0 4.096568318782324 1 4 3 
81 12 24 10 13.0 3.8644990005376174 1 3 4 2 
82 24 12 2 13.0 2.707634245173363 3 5 1 
83 12 23 8 13.0 3.372206644195015 1 4 3 5 
84 10 6 6 13.0 3.127134493784867 5 2 3 
85 8 6 5 13.0 3.273486309191239 1 5 2 
86 20 21 7 13.0 3.6934680214047964 5 4 2 1 3 
87 23 13 3 13.0 3.460464201458866 3 5 
88 11 28 10 13.0 1.8994329335504379 5 2 
89 13 26 6 13.0 1.1999359866923887 5 3 2 
90 11 4 4 13.0 0.5392303489794831 3 1 
91 17 11 4 13.0 1.4637222607191958 2 3 4 
92 8 24 2 13.0 0.8798819716336204 1 2 3 4 
93 8 18 8 13.0 0.17811731010748288 3 4 
94 13 8 6 13.0 0.47814846678661593 5 3 2 
95 20 9 1 13.0 0.3567594510860589 3 1 2 
96 2 25 3 13.0 4.439305215850822 1 5 3 2 
97 22 20 8 13.0 3.1414276779944923 1 5 
98 20 12 2 13.0 1.251132974683864 5 4 1 
99 24 19 7 13.0 2.5339859092423027 2 1 3 4 
100 15 13 4 13.0 1.3922170087814782 3 4 1 5 2 
200
200
200
200
200
200
200
200
200
200
200
200
200
200
200
200
200
200
200
200
200
200
200
200
200
200
200
200
0 0 0 0 0 0 200 0 0 0 0 200 200 200 0 0 0 0 0 0 0 0 0 0 0 0 0 0 
0 0 0 200 0 0 0 0 0 0 0 0 0 0 0 0 0 0 0 0 0 200 0 0 0 0 0 0 
0 0 0 0 0 0 0 0 0 0 0 0 0 0 200 200 0 0 0 0 0 0 0 0 0 0 0 0 
0 200 0 0 0 0 0 200 0 0 0 0 0 0 0 0 0 0 0 0 0 0 0 0 0 0 200 0 
0 0 0 0 0 0 0 0 200 0 0 0 200 0 0 0 0 200 0 0 200 0 0 0 0 200 0 0 
0 0 0 0 0 0 0 0 0 0 0 0 0 0 0 200 0 0 0 200 0 0 0 0 0 0 0 0 
200 0 0 0 0 0 0 0 0 0 200 0 0 0 0 0 0 0 0 200 0 0 0 0 0 0 0 0 
0 0 0 200 0 0 0 0 0 0 0 0 0 0 0 0 0 0 0 0 200 0 0 0 0 200 0 0 
0 0 0 0 200 0 0 0 0 0 0 0 0 0 0 0 0 0 200 0 0 0 0 0 0 0 0 0 
0 0 0 0 0 0 0 0 0 0 0 200 0 200 0 0 0 0 0 0 0 0 0 0 0 0 0 0 
0 0 0 0 0 0 200 0 0 0 0 0 200 0 0 0 0 200 0 0 0 0 0 200 0 0 0 0 
200 0 0 0 0 0 0 0 0 200 0 0 0 0 0 0 0 0 0 0 0 0 0 0 0 0 0 0 
200 0 0 0 200 0 0 0 0 0 200 0 0 0 0 0 0 0 0 0 0 0 0 0 0 0 0 0 
200 0 0 0 0 0 0 0 0 200 0 0 0 0 0 0 0 0 0 200 0 0 0 0 0 0 0 0 
0 0 200 0 0 0 0 0 0 0 0 0 0 0 0 0 0 0 0 200 0 0 0 0 0 0 0 200 
0 0 200 0 0 200 0 0 0 0 0 0 0 0 0 0 0 0 0 0 0 0 0 0 0 0 0 0 
0 0 0 0 0 0 0 0 0 0 0 0 0 0 0 0 0 200 0 0 0 200 0 0 0 0 0 200 
0 0 0 0 200 0 0 0 0 0 200 0 0 0 0 0 200 0 0 0 0 0 0 0 200 0 0 0 
0 0 0 0 0 0 0 0 200 0 0 0 0 0 0 0 0 0 0 0 0 0 200 0 0 0 0 0 
0 0 0 0 0 200 200 0 0 0 0 0 0 200 200 0 0 0 0 0 0 0 0 200 0 0 0 0 
0 0 0 0 200 0 0 200 0 0 0 0 0 0 0 0 0 0 0 0 0 0 0 0 200 0 0 0 
0 200 0 0 0 0 0 0 0 0 0 0 0 0 0 0 200 0 0 0 0 0 0 0 0 0 200 0 
0 0 0 0 0 0 0 0 0 0 0 0 0 0 0 0 0 0 200 0 0 0 0 0 0 200 0 0 
0 0 0 0 0 0 0 0 0 0 200 0 0 0 0 0 0 0 0 200 0 0 0 0 0 0 0 200 
0 0 0 0 0 0 0 0 0 0 0 0 0 0 0 0 0 200 0 0 200 0 0 0 0 0 200 0 
0 0 0 0 200 0 0 200 0 0 0 0 0 0 0 0 0 0 0 0 0 0 200 0 0 0 0 0 
0 0 0 200 0 0 0 0 0 0 0 0 0 0 0 0 0 0 0 0 0 200 0 0 200 0 0 0 
0 0 0 0 0 0 0 0 0 0 0 0 0 0 200 0 200 0 0 0 0 0 0 200 0 0 0 0 
